"[ 0.30647428  0.33390428  0.79885725 -0.39548519  0.056789    0.75735285
  1.23413761]","[ 0.29854707  0.7150354   0.28763244 -0.56290462  0.16113529  0.53846334
  1.10992389]","[-0.16494387  0.83910236 -0.48487525 -0.18329415 -0.26347944  0.39983222
  1.34927317]","[-0.02792329  0.70888281 -0.24041109 -0.66250129 -0.23712726  0.39564921
  1.32685096]","[ 0.16870715 -0.63873291  0.64473639 -0.38454279 -0.30550088  0.59120215
  0.97480844]","[ 0.3768433   0.25554745  0.85041659 -0.26358347  0.33424014  0.78881946
  1.68228535]","[ 0.63123376  0.69930553  0.32626996 -0.07786931  0.15374738  0.74604895
  1.71301545]","[ 0.32338078  0.14062768  0.93342482 -0.06608207 -0.02422848  0.5869589
  1.71411179]","[-0.24951283  0.02152994  0.76261757  0.59640108  0.07213627  0.81405179
  1.46784874]","[ 0.33726394 -0.3001559   0.89002352 -0.06338464 -0.02780964  0.64835447
  0.95952952]","[ 0.20791601  0.28936966  0.52906322  0.77014819  0.39913876  0.4798795
  1.81675356]","[ -5.72585046e-04  -4.35335525e-01  -4.93080935e-01   7.53228946e-01
  -9.43801573e-02   5.51390853e-01   1.32074327e+00]","[ 0.42856926  0.7701565  -0.35570435 -0.31090477  0.28164454  0.21367324
  1.4963736 ]","[-0.40714978  0.91041858  0.0722196  -0.01230455  0.29182364  0.68623396
  1.3297745 ]","[-0.23069697 -0.39028217  0.87836413  0.15144366 -0.15501243  0.74153601
  1.47115718]","[ 0.58284036 -0.37957109 -0.71534687 -0.06709512  0.22497672  0.73316742
  1.33552262]","[ 0.63287636 -0.29003969  0.34745783  0.62818592 -0.34475891  0.79233635
  1.49687631]","[ 0.85993774  0.14343876  0.47762283 -0.10866852 -0.43924666  0.62277104
  1.51886648]","[-0.25412917 -0.364033   -0.29462387  0.84622403  0.14142837  0.47297658
  1.63812224]","[ 0.22231207 -0.49797222  0.77895408  0.30956672 -0.26051832  0.84375727
  1.58977991]","[ 0.71733986  0.64950698  0.02862346 -0.25048934 -0.0210739   0.42767394
  2.09227274]","[ 0.00961456  0.49394026  0.69126301 -0.52733863 -0.23766738  0.2018159
  1.01178405]","[ 0.86761072 -0.07156245 -0.11289576 -0.47894154 -0.06390698  0.63616237
  1.26051994]","[ 0.04905213 -0.36512588  0.25518683  0.89395563 -0.31188252  0.44943935
  1.58012089]","[ 0.10920123  0.85499488  0.32166265  0.39190813  0.44331588  0.32117545
  1.95327368]","[ 0.04882349  0.11851603  0.99166907  0.01275443 -0.1898172   0.64978382
  1.90219395]","[-0.01410566  0.9707065  -0.04839073  0.23492182 -0.40020298  0.48425329
  1.45756862]","[-0.30310544  0.37505106  0.24053416  0.84238181 -0.05211405  0.241576
  1.01099425]","[ 0.69738205  0.15332647 -0.00606576 -0.70008034  0.3352354   0.52552739
  1.37389587]","[-0.05525593 -0.44807624  0.69014843 -0.56557016 -0.46246221  0.63672262
  1.43613838]","[ 0.65601361  0.35449833  0.55325531  0.37132955 -0.31383846  0.50898544
  1.86650546]","[ 0.55410674 -0.18757762 -0.57045149  0.57651145 -0.14631803  0.85654591
  1.26316453]","[ 0.4920696   0.70233789 -0.43807918 -0.26958419  0.05048923  0.70113881
  1.63211054]","[ 0.88993301  0.31871759  0.09232905 -0.31291161  0.39731649  0.42247786
  1.42617978]","[-0.42587247  0.82540509 -0.36092732 -0.08408654 -0.23152203  0.35356151
  0.88162254]","[ 0.53389404 -0.35628168  0.66835143  0.37593467  0.02700239  0.82751691
  1.35791621]","[ 0.70464124  0.48063179  0.50631351 -0.12696625  0.36707687  0.80726954
  1.49109655]","[ 0.8383095  -0.52101075 -0.15862327  0.02497253  0.16686351  0.88635651
  1.41539872]","[ 0.95832312 -0.23013832 -0.02722197  0.1670692   0.21491879  0.36455137
  0.91701001]","[ 0.8020347   0.15518576 -0.10378062  0.56735113 -0.02196675  0.5652846
  1.83056593]","[ 0.06573525 -0.15855298  0.77594852 -0.60699565 -0.28996699  0.31599188
  0.83203414]","[ 0.92026439  0.21273769  0.30981403  0.1089559   0.08115753  0.6993222
  1.388312  ]","[ 0.71498196 -0.07741378 -0.47620364  0.50600197 -0.20450566  0.80683322
  1.56916513]","[ 0.69831819 -0.53826665 -0.19768447 -0.42841751  0.16154565  0.64130096
  1.4379245 ]","[ 0.50743304 -0.58590981  0.54475291  0.3201026  -0.24891181  0.78605147
  1.29635818]","[ 0.05919532 -0.10575639  0.78281842  0.61033337 -0.45562104  0.63327415
  1.46717265]","[ 0.38014215  0.68336916  0.54082012  0.30985825  0.28884913  0.65621356
  1.61019516]","[ 0.54202369 -0.56925192 -0.61791336 -0.01859153  0.02194333  0.88075066
  1.25331202]","[ 0.29671384  0.91359898 -0.27325629 -0.05127187 -0.23653937  0.50254138
  1.57922441]","[-0.04368354  0.23497274  0.92280057 -0.30218978  0.50922489  0.27786125
  1.09565595]","[ 0.76178822  0.15656531 -0.62806303  0.02651133 -0.41670719  0.63144965
  1.48665639]","[-0.18969192  0.80708152 -0.32437596 -0.45543016 -0.29771115  0.38671491
  1.14831659]","[ 0.59544408  0.20608836 -0.75754754  0.17057448  0.15882249  0.86307687
  1.59060963]","[-0.02262575  0.84985463 -0.5215717   0.07209813 -0.48902487  0.21618054
  1.73006683]","[ 0.87873553  0.18455129  0.41536538  0.14572676  0.24099127  0.77397931
  1.63385913]","[ 0.59428794  0.14464726  0.75191738  0.24600665  0.07177827  0.60750237
  2.01024159]","[ 0.13467462 -0.53383723 -0.34459359  0.76035243 -0.19773347  0.36603788
  1.28600213]","[-0.15353856  0.81815317 -0.0120965   0.55399004  0.24845321  0.33098207
  1.4309601 ]","[ 0.19156014 -0.67645999  0.68083462 -0.20535531 -0.56381437  0.0646256
  1.17819024]","[ 0.59694253  0.68023266 -0.1673645  -0.39106555  0.115361   -0.08206032
  1.35400016]","[ 0.72371982 -0.31440627 -0.60704521  0.09420426  0.0894025   0.93014377
  1.54810161]","[-0.03332854 -0.57046517  0.10229266  0.81424499  0.48820513  0.0691928
  1.50273664]","[ 0.63722321  0.49671123 -0.47897886 -0.34322556 -0.12248887  0.56915675
  1.75387537]","[-0.43157715 -0.31520195  0.45836838  0.71013191  0.0380901   0.76430019
  1.79111344]","[ 0.37541796  0.57697759  0.7060335   0.1663578   0.13771756  0.74705291
  1.91738387]","[ 0.17641384 -0.16896743  0.35528426  0.9022756  -0.37185238  0.53307457
  1.35994608]","[ 0.56760228  0.63372383 -0.49799592  0.16799351 -0.19123564  0.78699355
  1.46704183]","[ 0.79945575 -0.49950283  0.1882926   0.27552372 -0.44584404  0.72933369
  1.30549587]","[-0.38927511 -0.32266826  0.68430177 -0.52543427  0.19363857  0.07631406
  1.12268537]","[ 0.78128871  0.55678483  0.19959043  0.1993546   0.37265084  0.61983916
  1.88139435]","[-0.28553431 -0.30584724 -0.28832217  0.86127693 -0.09797012  0.31585256
  1.76907849]","[ 0.62538722 -0.07299847 -0.4539808   0.63044705  0.00917622  0.62613937
  1.37275912]","[ 0.05453778 -0.46637934  0.85006363 -0.23855348 -0.25642907  0.49777389
  0.95368168]","[-0.18661771  0.10461301 -0.44993923  0.86705515 -0.42446958  0.2307644
  1.45912459]","[ 0.62999928  0.7149837  -0.14885567  0.26408561  0.0555203   0.5600997
  1.88823353]","[ 0.62217366 -0.16366178  0.37092203  0.66972502 -0.22558567  0.79095234
  1.35297717]","[-0.21481543  0.91365666  0.32241286  0.12302759 -0.08343698  0.34614488
  0.93187297]","[ 0.29366124 -0.4224652  -0.37487738  0.77120242  0.25152843  0.34345211
  0.88900404]","[ 0.13737566  0.22711858 -0.3674896   0.89134532  0.24552403  0.15203397
  1.74048326]","[ 0.04690705 -0.04020631 -0.69169723  0.71954021 -0.18136984  0.44469583
  0.84980056]","[ 0.65661023  0.0710785   0.01550237 -0.75071335  0.52643     0.34088579
  1.23720875]","[-0.43759986  0.88907284  0.03858943 -0.12871174  0.37241417  0.11575567
  1.5786648 ]","[ 0.97780022  0.18733681  0.08814911 -0.03227053  0.1325906   0.94514635
  1.44790404]","[ 0.22275584 -0.32733231  0.81718465 -0.41885873  0.0576575   0.01769834
  1.50786203]","[ 0.99179383  0.11648238  0.01691458 -0.04990734  0.43216106  0.59962489
  1.43640594]","[ 0.8956831   0.44085647 -0.03983123  0.04255396  0.16798759  0.76294422
  1.65000905]","[ 0.41924145 -0.45735758  0.77585236  0.11451532 -0.05408615  0.35758513
  0.91423385]","[-0.38119443  0.89264059 -0.03695931  0.23773429  0.56177565 -0.03261742
  1.34066748]","[ 0.0582897   0.97359853  0.02441072 -0.21934521  0.52334536 -0.04794676
  1.3586043 ]","[-0.15160569  0.64871678  0.02037322  0.74549795  0.10064094  0.30295037
  1.15713961]","[-0.24588486  0.30724341 -0.35916848  0.84625063  0.54284826  0.10777231
  1.30692415]","[ 0.65604148  0.55453855 -0.41800039 -0.29558799 -0.04581451  0.73056161
  1.75480782]","[ 0.97274018 -0.05597782  0.18263065  0.1314879  -0.2507112   0.67595109
  1.34188832]","[ 0.64117952  0.67515247 -0.00417131  0.36474726 -0.11271763  0.45274209
  1.91449663]","[ 0.08625193  0.08435736  0.2078387   0.97069435  0.39495964  0.21622029
  1.85153831]","[-0.14022758 -0.54561709  0.82280698 -0.07501256 -0.54176157  0.25308812
  1.15078793]","[ 0.5012458   0.31008756 -0.51260738 -0.6243653   0.411098    0.27059806
  1.97395013]","[ 0.57985894  0.40690975  0.5280506  -0.46834884  0.11244837  0.81409913
  1.24385755]","[ 0.6252771  -0.21358228 -0.4564773  -0.59585202 -0.12481748  0.73846474
  1.47602751]","[-0.20248651  0.8290394  -0.32757966 -0.40544354  0.36403171 -0.05883987
  1.12112224]","[ 0.15574244  0.97512247  0.15106732 -0.04537771  0.4153563   0.40746606
  1.85879748]","[ 0.64285248  0.13041899  0.66649126  0.35428939  0.03551189  0.84079941
  1.51926258]","[ 0.32859973  0.56139237  0.18398782  0.73689165  0.38594699  0.14834995
  1.62602639]","[ 0.9626256  -0.11384873  0.24561405  0.00801061 -0.13375788  0.69412744
  0.99659729]","[ 0.68357733 -0.63647917  0.18808974  0.303708   -0.51873484  0.46842131
  1.18738313]","[ 0.70911691  0.02236492  0.37983956 -0.59361177  0.07729056  0.74209971
  1.0857763 ]","[ 0.50091899  0.32257058  0.63797184 -0.48787326  0.33983832  0.07082683
  1.08036772]","[-0.08741824  0.64037278  0.4519634   0.61482505  0.15469657  0.40152169
  1.31865908]","[ 0.59455103 -0.51688047 -0.55521619 -0.26660576  0.26515154  0.73340247
  1.48971413]","[-0.47139347 -0.40629381  0.69053137 -0.368619   -0.06987548  0.65108055
  1.93372697]","[ 0.26571535 -0.26786753 -0.55096978  0.74436191 -0.30804264  0.42369238
  1.384385  ]","[ 0.94025356  0.04388191  0.0382878  -0.3354574   0.56134777  0.33387854
  1.1469665 ]","[ 0.01652699  0.97917969  0.20211296 -0.00918382  0.3703916   0.18436604
  1.4653207 ]","[ 0.01702606  0.79996737  0.51262661 -0.31141015 -0.03571485  0.70687262
  1.22233937]","[ 0.027874    0.19649863 -0.05452559  0.97858995  0.52095304  0.0556533
  1.51836257]","[  7.22237003e-01  -6.24673186e-01   8.87083825e-04   2.96911328e-01
  -2.51496389e-01   1.89676583e-01   9.96014691e-01]","[ 0.41979945  0.35261437 -0.36479456  0.75256658 -0.52927932  0.35228673
  1.27591191]","[ 0.86116126  0.42332713  0.0276989  -0.28005035  0.56424502  0.14762175
  1.68839843]","[ 0.68848696  0.41609381 -0.59394954  0.00869453  0.11273011  0.71119081
  1.33933659]","[ 0.80909359  0.49362821 -0.28979858  0.13309971 -0.19971334  0.60161548
  1.80566073]","[ 0.07269018  0.95443655  0.23853941 -0.16390835 -0.1155848  -0.18308401
  1.14900919]","[ 0.2123143   0.24846161  0.81560572 -0.47746914  0.08791548  0.83820568
  1.48972443]","[-0.43904377  0.06088352  0.1635553   0.88135318  0.15054968  0.42530895
  1.93268917]","[ 0.72273913 -0.42066949 -0.50325335 -0.21776453  0.1594571   0.76141068
  1.74777865]","[ 0.83972294 -0.46926669  0.17458225 -0.21017894  0.50560188  0.6242765
  1.39291817]","[ 0.66938267 -0.39844718  0.62424251  0.05905915  0.11199778  0.80706279
  1.47620453]","[-0.03213532 -0.50935755  0.60031042  0.61575125  0.29446491  0.09920212
  1.90555956]","[ 0.70911743 -0.66048977  0.19885939 -0.14615292  0.11911583  0.79720241
  1.22963034]","[ 0.03107814  0.80003103 -0.4584606  -0.38574392 -0.1137823   0.54991783
  1.31395926]","[ 0.53549806  0.56383865  0.619027    0.11015158 -0.04962888  0.4933269
  1.17673745]","[ 0.59840511  0.13569676 -0.28945737  0.73465104 -0.43826577  0.25391388
  1.33021636]","[ 0.02681634  0.81971744 -0.36873171  0.43747128 -0.44530062  0.39304684
  1.64633942]","[ 0.68008935  0.31899556 -0.20366673 -0.62788548 -0.05661946  0.44811843
  1.64009121]","[ 0.57374808  0.63178998 -0.51842184 -0.05379001  0.09425813  0.64152772
  1.88857631]","[-0.34878371  0.17960775 -0.45386084  0.80006332 -0.31821273  0.47570387
  1.08283797]","[ 0.18188777 -0.17552428  0.87340169  0.4162662  -0.60365807  0.38913342
  1.74221796]","[ 0.83406238 -0.34350899 -0.12784497  0.41230715 -0.26262461  0.42979166
  0.97677618]","[ 0.67650983 -0.0573177   0.14540525 -0.71965717  0.23783564  0.79769013
  1.59968301]","[ 0.53694798  0.14953042  0.64266872 -0.52564668 -0.24686691  0.46357619
  0.9724891 ]","[-0.20759466  0.87698682 -0.40571202  0.15230345  0.26933426  0.39950349
  1.13682708]","[ 0.02152629  0.88708748 -0.10823675  0.44821561 -0.25587921  0.08125039
  1.91372878]","[-0.31868618  0.85288634 -0.02272467 -0.41292567 -0.53884713  0.2090726
  1.48895567]","[ 0.79031402 -0.5284571   0.27920699 -0.13483434  0.02295766  0.04232224
  0.87834428]","[-0.48951922  0.67759584  0.4467252   0.31885954  0.10513288  0.80967398
  1.45125248]","[ 0.60993992 -0.63137241 -0.43664235  0.19668664  0.11328463  0.61264685
  1.00462189]","[ 0.66977981  0.2236094   0.69478568  0.13662614  0.50088948  0.19354485
  1.62234158]","[-0.19999925  0.37708656 -0.14606316  0.89245256  0.44125226  0.37875561
  1.56408966]","[ 0.02765359  0.22582521  0.59920473  0.76758839 -0.23889766  0.2116477
  1.48898132]","[ 0.16721325  0.81144474  0.43331542  0.35473217  0.25387573  0.46242595
  1.28597976]","[ 0.72745164  0.26475311  0.62754535  0.08310673 -0.24713141  0.65391433
  1.53439804]","[ 0.12753535 -0.64009843 -0.32324185  0.6852178  -0.27411515  0.45888488
  0.90983579]","[-0.00431703  0.2000636   0.97773574 -0.06315652  0.0282637   0.8630714
  1.62263969]","[ 0.12193468 -0.5625347   0.80044765  0.16724294 -0.53932021  0.27630215
  1.21121774]","[ 0.74933561 -0.60436559  0.23987129 -0.12530025  0.53785964  0.32689312
  1.10395322]","[-0.40893579 -0.0847523   0.37804945  0.82623676  0.39972217  0.42908921
  1.93538344]","[ 0.65043266 -0.52548077 -0.45163649 -0.31117808  0.43524437  0.56815145
  1.4583883 ]","[ 0.45672197  0.33166447 -0.52634639  0.63589559 -0.07807327  0.75158562
  1.1487103 ]","[ 0.3506803   0.73054671  0.55273816 -0.194436    0.27818981  0.80332193
  1.56275785]","[-0.28673059 -0.41439599  0.06644257  0.86118925 -0.27639331  0.25128128
  1.34715472]","[-0.30696416  0.65955419 -0.57797321 -0.36974078 -0.18695307  0.57723621
  1.88561255]","[ 0.10325697 -0.14006804  0.89142853  0.4184186   0.07767373  0.81737809
  1.62727046]","[ 0.46589174  0.48494551  0.72558459  0.14594431  0.50869253  0.08539894
  1.44222941]","[ 0.9067341  -0.32385893 -0.2534429   0.09335613 -0.16289524  0.90161018
  1.30120038]","[-0.36118423  0.52584112  0.52499637  0.56339674  0.20703073  0.79003474
  1.65259477]","[ 0.27487396 -0.03256198  0.9608831  -0.00936446  0.17272568  0.35800911
  0.94613359]","[-0.14750851 -0.33433854  0.91964104  0.14394212 -0.00666266  0.36918181
  1.84282825]","[ 0.48772718 -0.18412157  0.79349516 -0.31398547 -0.2643243   0.73263587
  1.16596294]","[-0.10168169  0.91671411 -0.38622718  0.01116425 -0.46068613  0.46177328
  1.65450163]","[ 0.77372851 -0.63341462  0.00610787 -0.00963298 -0.23407062  0.75180852
  1.44522931]","[ 0.82143721 -0.22534985 -0.39674369  0.34212981 -0.06703164  0.85097521
  1.39198433]","[ 0.83858988 -0.37690651  0.39241966 -0.02674513  0.36565959  0.69975922
  1.49159951]","[ 0.30258607  0.85695608 -0.22091393  0.35392793  0.06195213  0.50640154
  1.88794937]","[ 0.3776039   0.37232338  0.81661758  0.22787349 -0.06734026  0.72688321
  1.60367999]","[ 0.62627141  0.20432947 -0.67896452 -0.32409994 -0.27438648  0.55369318
  1.87467096]","[ 0.24636439  0.83826488  0.4836468  -0.05198413  0.58226825  0.58677709
  1.4106678 ]","[ 0.44145007 -0.39847146 -0.53956471  0.59599686 -0.14047146  0.50748539
  0.82457053]","[ 0.79481825 -0.37194977  0.38542694 -0.28524269 -0.08540095  0.82086516
  1.49027785]","[ 0.46183735  0.77880524 -0.38759041 -0.17303853 -0.45728215  0.08808264
  1.24921142]","[ 0.88749032  0.0790776   0.38287006  0.24396349 -0.13367928  0.92120459
  1.39514828]","[ 0.20402517 -0.29937307 -0.24930586  0.89810694  0.37628678  0.19905286
  1.37099092]","[ 0.21302109 -0.41787507  0.87162701  0.14236854 -0.56619022  0.38097332
  1.14147708]","[ 0.54715321  0.71964046  0.3311473   0.27033765  0.03986884  0.71384444
  1.85290856]","[ 0.00479894  0.51659889 -0.56571361  0.64270574  0.03905265  0.51305526
  1.37620762]","[ 0.39026666  0.51524683  0.4215437   0.63601379  0.43105764  0.35180501
  1.85687335]","[-0.02971213  0.80753798  0.52756494 -0.26205883  0.50292252  0.58065413
  1.21855978]","[ 0.49924791 -0.38719561  0.71529602 -0.2986347   0.26524426  0.72512414
  1.35140066]","[ 0.81461892  0.51446955  0.09410073 -0.25072325  0.03104966  0.5506079
  1.92610292]","[-0.43850635 -0.4813245  -0.32660412  0.68510485  0.63548636  0.39053996
  1.51252727]","[-0.40824899  0.54740048  0.07592756  0.72658137  0.45063351  0.00854961
  1.4526056 ]","[ 0.78945545  0.1918502   0.53540911 -0.23084776 -0.27857799  0.55950809
  1.4786125 ]","[ 0.88314347 -0.28405039  0.37278972 -0.02002023  0.35858451  0.4355007
  1.3473535 ]","[-0.21124304 -0.67230361  0.70744907 -0.05385213 -0.55476254  0.05758466
  1.24183673]","[-0.31181374  0.75979916 -0.41206596 -0.39456187 -0.0995088   0.55633843
  1.60736142]","[ 0.89233841 -0.1134804   0.28718313  0.3292115   0.13955979  0.79735411
  1.55896611]","[ 0.964566    0.08288924  0.04211629  0.24691704  0.33565677  0.75766731
  1.39447084]","[-0.40384314  0.77293471 -0.32026017 -0.37002173 -0.24454691  0.4767721
  1.20627611]","[ 0.73621547  0.21019549 -0.48579522 -0.42167243 -0.36944566  0.69054484
  1.62330813]","[ 0.97268457 -0.2079345  -0.06712262 -0.07837428 -0.48106539  0.56123039
  1.47755536]","[-0.38633691 -0.50565997 -0.06109617  0.76897272 -0.14735377  0.12265096
  1.11480647]","[ 0.19440641  0.73468025 -0.08395866  0.64451689  0.32081797  0.06251707
  1.09646152]","[ 0.71257628  0.00516959 -0.65492142  0.25156758 -0.03849099  0.16104501
  0.89516437]","[ 0.79400769  0.45517257 -0.08451749 -0.39398796  0.20763745 -0.0241338
  1.9612725 ]","[ 0.84448475 -0.17520627  0.1712762  -0.4762486   0.51308832  0.21559935
  1.02995103]","[ 0.05433371 -0.1461596   0.98730445 -0.03025121 -0.27756821  0.64841588
  1.13938449]","[ 0.62633223  0.13040911  0.75969702 -0.11645527  0.28579072  0.23296083
  0.94062368]","[ 0.1669709  -0.50528995  0.84061315 -0.10085795 -0.28664556  0.34197622
  1.08426062]","[ 0.60014019 -0.36658521  0.64277038  0.30379808 -0.19477005  0.26479541
  1.91298296]","[ 0.01601651  0.74433879  0.53428482  0.40030359  0.17345567  0.82466399
  1.63327262]","[ 0.51711793  0.81671414  0.03581194  0.25354399 -0.12240253  0.34550784
  1.92201147]","[ 0.51243064 -0.38131512  0.66493835  0.38713125 -0.104122    0.78043672
  1.16942917]","[ 0.58737895  0.08321856 -0.62967185 -0.50157153 -0.01566018  0.62820957
  2.02093605]","[-0.24825237  0.87311334 -0.41786363 -0.03786598  0.14491711  0.00804887
  1.5876204 ]","[ 0.80302131 -0.47946262 -0.07275719  0.3463795  -0.00602921  0.70142363
  1.57672627]","[ 0.63320245  0.58803538 -0.50094689 -0.04817952  0.11024287  0.614371
  1.58122929]","[ 0.36556301  0.62240484  0.69206882 -0.00408089  0.07007811  0.03776601
  1.39836228]","[ 0.53965451 -0.56902537 -0.59936169  0.16046399  0.4698564   0.29131684
  1.71089339]","[-0.13231147  0.72559099 -0.66831292  0.0967948  -0.5332934   0.24527822
  1.11343987]","[ 0.0294478  -0.40311495 -0.25014574  0.87980582  0.01667623 -0.06896868
  1.07511024]","[ 0.77628664 -0.33708746  0.51651029 -0.13026207  0.52776936  0.46056578
  1.32760198]","[-0.26856472 -0.36829386  0.88433776  0.10089272 -0.46237627  0.19137817
  1.17708802]","[ 0.591779    0.1278125   0.60447996  0.51775048 -0.12911102  0.78202474
  1.65236917]","[ 0.73120314 -0.34578221 -0.43443308  0.39628844 -0.39851624  0.68361821
  1.41242539]","[ 0.38358976 -0.44560114 -0.49598771  0.63897943  0.28674067  0.6428281
  1.06314263]","[ 0.59302643  0.50287259 -0.42008467 -0.46793983 -0.02185512  0.47863915
  1.84991879]","[-0.44044749 -0.12676366  0.82887504 -0.3207852   0.13737728  0.84367619
  1.39593893]","[ 0.94926369 -0.26331345 -0.15796247 -0.06791414 -0.0094083   0.92221206
  1.39783598]","[-0.0686609   0.92375502 -0.33097004 -0.18005881 -0.41502946  0.28209288
  1.08249602]","[ 0.2448272   0.77871319  0.51507635 -0.26146083  0.39165343  0.59380048
  1.7408283 ]","[ 0.81080434 -0.38702131 -0.27095996  0.34553079 -0.07556417  0.93110803
  1.34348423]","[ 0.47764228 -0.32035848  0.70372023  0.41714042 -0.11491591  0.52756349
  1.8422157 ]","[-0.47298075  0.4080556   0.24374514  0.74186801  0.14028048  0.53143177
  1.26333293]","[ 0.13583378  0.29762218  0.83220721 -0.44766212  0.40723768  0.39100374
  1.44072791]","[ 0.53644078 -0.37139082 -0.6937965  -0.3048714  -0.09861234  0.414527
  1.14194165]","[ 0.7735689  -0.05761202  0.21762414 -0.59237805  0.39011913  0.13950426
  1.80631217]","[ 0.1697618   0.63047671  0.46570405 -0.5973272  -0.0490936   0.12596625
  1.04003248]","[ 0.69245824 -0.65348686 -0.03091216  0.30413969 -0.07066504  0.67997554
  1.03087582]","[ 0.03920497  0.94391484 -0.32635243 -0.03133416 -0.28945442  0.36816896
  1.12459615]","[-0.32212731  0.38465117  0.69168624 -0.51946859  0.46441949  0.6076024
  1.36682649]","[ 0.58347161 -0.25489249 -0.07922233 -0.76701664  0.32403543  0.6406402
  1.60091494]","[ 0.37272479  0.65500032 -0.25912215 -0.60407493  0.18830046  0.55499599
  1.6410449 ]","[ 0.93576622  0.22096253  0.26094467 -0.08616861  0.02148244  0.80095596
  1.27311313]","[-0.21480709  0.04611551  0.07614937  0.97259064  0.26555018  0.35134016
  1.92038257]","[ 0.52606868 -0.39888606  0.05004683  0.74942443 -0.50125544  0.65799757
  1.37313186]","[ 0.51048803  0.04710189  0.36900815  0.77525245 -0.1011609   0.80333248
  1.70500082]","[ 0.88707024 -0.22371803 -0.3562356  -0.19013899  0.19387759  0.70812882
  1.16047099]","[ 0.85197905 -0.00792969  0.48309014  0.20172438 -0.22974665  0.81550378
  1.39184513]","[ 0.63860075  0.02231837  0.74518982 -0.19074355  0.18785727  0.76663734
  1.0967888 ]","[ 0.10615313  0.71153668  0.68415956 -0.1198864   0.23227709  0.04603382
  1.03766325]","[ 0.93167559  0.19671435  0.25999293 -0.16027396  0.31696469  0.71828892
  1.36971764]","[ 0.16205749 -0.61230865  0.6352845   0.44184737  0.12552482  0.2751031
  1.91598991]","[ 0.20704401  0.76337829  0.11925571  0.60013702  0.16059565  0.3797341
  1.37243058]","[-0.13791961  0.11903203  0.98214035 -0.04700951  0.40538109  0.79387877
  1.51189645]","[ 0.75327419  0.02018403  0.63526349 -0.16914756  0.28778749  0.41689124
  0.87689847]","[-0.44807963 -0.29208913  0.68823224  0.4901479  -0.12506581  0.71541427
  1.79170527]","[ 0.29821622  0.94366635 -0.11487624 -0.08581582 -0.42974619  0.20382598
  1.39749456]","[ 0.04113926  0.31599559  0.94717239  0.03631541 -0.38873171  0.64092656
  1.70653037]","[ 0.47959192  0.06756488 -0.09194041  0.87004226 -0.47527759  0.7245551
  1.48976494]","[-0.14343867 -0.26490616 -0.18781954  0.93486571  0.3272406   0.26495718
  1.67834031]","[ 0.60142917  0.0390074   0.0532342  -0.79619564  0.42199382  0.0811827
  1.85984215]","[-0.24794075  0.81719626 -0.47537667  0.211501    0.270392    0.2207253
  0.97545788]","[ 0.82814542  0.10055404  0.42479572 -0.3515859   0.05599293  0.90738272
  1.44812029]","[-0.01127373  0.92642665  0.26796657 -0.2641978   0.43452259  0.61708723
  1.53735317]","[-0.17777361  0.64844652 -0.14844694  0.72517388  0.53368793  0.23803828
  1.35389201]","[ 0.25737835  0.34385655  0.88939458 -0.15651308  0.17903198  0.91711109
  1.54956401]","[ 0.83480137  0.44538104  0.28879598 -0.14607972  0.36622961  0.28054376
  1.83955618]","[ 0.33639894  0.15194247  0.88732958  0.27639729  0.11376034  0.37451086
  1.82003616]","[ 0.5553806  -0.00288069 -0.83089935 -0.03391689  0.15215968  0.87642273
  1.20746436]","[ 0.23528477  0.40458827  0.31819014  0.8244419   0.06961736  0.49599791
  1.39655259]","[ 0.83776276 -0.15239686  0.29808288 -0.43136451 -0.17078733  0.78010627
  1.15598683]","[ 0.72320918  0.56659732  0.17075406 -0.35606041  0.47638976  0.56630741
  1.69133294]","[-0.05177419 -0.13154162  0.77622112  0.61440785  0.00288198  0.80458996
  1.55025713]","[ 0.56126593 -0.14496118 -0.0931592   0.80949872 -0.36034926  0.8017187
  1.43824783]","[ 0.06484979  0.26487018  0.92297288  0.27158675 -0.34346907  0.51973419
  1.22058781]","[ 0.67942024 -0.2050351   0.21708271 -0.67024163  0.01772307  0.56497255
  1.21995598]","[ 0.63469259 -0.64204958 -0.26078435  0.34194907 -0.54895052  0.33148042
  1.28114776]","[ 0.53520912 -0.52829354  0.01595147 -0.65894058  0.33331262 -0.04782234
  0.97097101]","[-0.40828413  0.05851907  0.89626927 -0.16303675  0.00142817  0.74972379
  1.3521254 ]","[ 0.56968411 -0.73222838 -0.25111778 -0.27611858  0.11578436  0.5719912
  1.34156674]","[ 0.93688607 -0.18543235  0.27849514 -0.10148787 -0.32362402  0.51007847
  0.99883736]","[ 0.11134585  0.96061083 -0.10178988  0.23338328  0.10520456  0.20709894
  1.2228867 ]","[ 0.06701278  0.80708952 -0.4653229  -0.35719798 -0.31943122  0.1167585
  1.74324527]","[ 0.43546188 -0.47340918  0.43748944  0.62837862 -0.29611244  0.75146026
  1.54045712]","[ 0.8585471  -0.18239829  0.19344877  0.43841227  0.12826827  0.63684401
  1.74852742]","[ 0.40808412 -0.36406045 -0.14301661  0.82490823 -0.29852003  0.40353008
  1.02838981]","[ 0.65227868 -0.37131641 -0.51295859  0.41656949 -0.20946655  0.73382558
  1.25197989]","[ 0.09552448  0.72110113  0.13586386  0.67262861 -0.13557747  0.44636127
  1.6566289 ]","[ 0.59457509 -0.72670358 -0.30184016 -0.16515111  0.27609153  0.27444156
  0.84651908]","[ 0.34037194  0.08295701  0.74408589 -0.56885962  0.40409129  0.23547153
  1.59119713]","[-0.28911416  0.0692875   0.8498635  -0.43513707 -0.02083091  0.85453199
  1.63521054]","[ 0.33053074  0.09592744  0.91446836 -0.21282617 -0.20199161  0.84697611
  1.24096581]","[ 0.59030756 -0.54349837  0.49371829  0.33524433 -0.53469225  0.66291553
  1.3765229 ]","[-0.09489772  0.81972939 -0.29016973  0.4846026   0.06250541  0.58550804
  1.25675073]","[ 0.63261915 -0.46748628  0.57960479 -0.21285647 -0.27985325  0.42266055
  0.93015771]","[ 0.57587839 -0.69305161 -0.42029879  0.10673552  0.12730852  0.74153466
  1.04489261]","[-0.48071223  0.46345497  0.18171025  0.72187716  0.28784512 -0.16031415
  1.72546571]","[-0.49322215  0.57943174 -0.13862326  0.63385674 -0.02672277  0.64807844
  1.10325182]","[ 0.86465837 -0.46776964  0.17732331  0.04597718  0.34592485  0.6001427
  1.15190357]","[ 0.90198759 -0.38615684  0.18760525 -0.04588627  0.13971373  0.73176821
  1.36684501]","[-0.07277239  0.90864358 -0.19906769 -0.35978199 -0.16853336  0.51423769
  1.85379671]","[ 0.46123436  0.07093421  0.83316045 -0.2967741  -0.30668777  0.68809147
  1.02794504]","[ 0.75873271  0.13962628  0.3356484   0.5405269   0.1981254   0.79318157
  1.27244149]","[ 0.32761143 -0.01742692 -0.1578909   0.93136326 -0.64484154  0.29541222
  1.34838995]","[-0.42909093 -0.25008063  0.78759981 -0.36472893 -0.25252597  0.8654957
  1.2865079 ]","[-0.30176661 -0.43812743  0.61815708 -0.57867357 -0.25050203  0.36954162
  1.94124697]","[-0.23423455  0.75309774  0.15457779  0.59504931 -0.05547397  0.50840684
  1.22563469]","[-0.16405885 -0.29937223  0.83315826  0.43509571 -0.0311214   0.65805505
  1.28344883]","[ 0.56021114 -0.08987764 -0.81986733 -0.07683128  0.47821345  0.59025528
  1.63389751]","[ 0.28607557 -0.45786752  0.63992679 -0.54681972  0.29888739 -0.00884676
  1.07791229]","[ 0.75190558 -0.00797469  0.39815782  0.52539961  0.08652891  0.62576209
  1.91054187]","[ 0.05520932  0.77805831  0.30738883  0.545059    0.53077664  0.22527876
  1.80586511]","[-0.23014391  0.50697268  0.59847199 -0.57605882  0.08336395  0.66327589
  0.90035238]","[ 0.20089888 -0.57607374  0.75922038  0.22663428  0.08539512  0.57278686
  1.20807234]","[ 0.06839412 -0.55060024  0.78155462 -0.28519117 -0.21083851  0.77717245
  1.48425705]","[ 0.03301841  0.66940176 -0.24830655  0.69939611 -0.07985869  0.36307722
  0.95021192]","[-0.33063589  0.49132378  0.80523261  0.02968673 -0.12803203  0.82241209
  1.24060435]","[ 0.49405201 -0.46470405  0.63460005 -0.37046663 -0.09557278  0.50632605
  1.54948091]","[ 0.81351907  0.42251042  0.21050634 -0.33964504  0.37640512  0.65389816
  1.70193286]","[ 0.34819798  0.34661628 -0.54835209  0.67670178 -0.05287587 -0.00928992
  1.6969563 ]","[ 0.09612938 -0.67538953  0.70147246  0.20626322 -0.35334152  0.74246183
  1.29896088]","[ 0.38528224 -0.10567635  0.86060024 -0.31584384  0.01959701  0.71335597
  1.78321953]","[-0.01307582 -0.5824867   0.78053631  0.22649796 -0.14194804  0.17423683
  1.0182592 ]","[ 0.22073032  0.68305851  0.02860885  0.69562255 -0.21675603  0.52804733
  1.70717059]","[ 0.33353559 -0.42671256  0.78922087 -0.28948372  0.21767712  0.5338659
  1.00711266]","[ 0.57153016  0.06339965 -0.40157524 -0.71279105  0.21018572  0.80066122
  1.54375879]","[-0.11521079 -0.37242793  0.9187123   0.06317926 -0.14407416  0.33159104
  1.19866943]","[ 0.01731721 -0.52810614  0.73251196  0.4292205  -0.18510714  0.46920501
  1.76967538]","[ 0.71812968 -0.64881937  0.09880884  0.23143036  0.28374022  0.44174887
  1.23176752]","[ 0.14164096 -0.51451067  0.72099298  0.44202457 -0.39184384  0.71277791
  1.32673173]","[-0.322517    0.13086079  0.73337731 -0.58396571 -0.16084848  0.59165834
  0.87653555]","[-0.08104515  0.49798029  0.75888443 -0.41175446  0.32000813  0.77986207
  1.54909911]","[-0.16035797  0.8473984   0.13162163 -0.48875048  0.52266416  0.28677703
  1.10111484]","[-0.45725897  0.57714301  0.24571482  0.63043193  0.07311457  0.67453903
  1.15132453]","[ 0.48766935  0.02681051 -0.59641497  0.63698429 -0.01547223  0.79123054
  1.22860908]","[ 0.665743    0.17661634  0.64473637 -0.33152367 -0.10414314  0.75152517
  1.59129108]","[ 0.58664974  0.38144933 -0.48634449 -0.52326621  0.0825233   0.80346342
  1.43004236]","[-0.19386827  0.93820236  0.25224045  0.1362578  -0.19048968  0.38553998
  1.50612864]","[-0.46896972  0.595712    0.33581769  0.55894642  0.23867337  0.16928014
  1.79097901]","[ 0.13572142  0.76229961 -0.00657788 -0.63279992 -0.33693091  0.07046189
  1.69005401]","[-0.40351717  0.54355907  0.61814096  0.3995237   0.50156168  0.54450534
  1.37365068]","[ 0.80079594 -0.04954326  0.59577062 -0.03645129  0.45828118  0.50453144
  1.39099039]","[ 0.69687255  0.68485407  0.05011218 -0.20695968  0.29342749  0.38822767
  1.78995264]","[-0.19942191  0.85570668  0.14279308 -0.45563924  0.24315374  0.60370055
  1.16178946]","[ 0.42555914 -0.29954025  0.47621264  0.70879939 -0.32622173  0.36870057
  1.69497201]","[ 0.72427471  0.22497872 -0.50775293 -0.4086535   0.06946555  0.73655861
  1.12911565]","[-0.23335479  0.96670329 -0.07442211  0.07410559 -0.04676953  0.07028728
  0.90069698]","[ 0.53419539  0.00477341  0.2928823  -0.79298957 -0.19645354 -0.07275662
  0.99312668]","[-0.11196097 -0.08456583  0.08293961  0.98662778  0.48862963  0.19990177
  1.7678457 ]","[ 0.29047555  0.82363414 -0.30000147 -0.38373152 -0.41149528  0.02228694
  1.25938097]","[ 0.08561917  0.87774789  0.38929161  0.2658572  -0.24124906  0.16578228
  1.39055006]","[-0.1816394   0.11118552  0.97422912 -0.07431376 -0.0071141   0.73920214
  1.27509574]","[-0.20027533 -0.61245318  0.00924508  0.76466033  0.19665635 -0.02104572
  1.13278836]","[ 0.00183603 -0.37610633  0.87536301 -0.30377667 -0.48631345  0.36962462
  0.98710498]","[-0.22862035  0.43341907  0.84871654 -0.19889918  0.10631443  0.74871855
  1.36078724]","[ 0.51191129 -0.66833513 -0.17836257 -0.5093739   0.16051972  0.12331383
  1.20094263]","[-0.45747708  0.67693986 -0.55128331  0.16897887  0.33280436  0.36228387
  1.15691954]","[ 0.34844178  0.88250597 -0.31539316 -0.01728299 -0.36298007  0.31843647
  1.58351636]","[ 0.28186078 -0.36396263  0.7416651   0.48787148  0.0224144   0.11849205
  1.75026545]","[ 0.31796808  0.70395234  0.62673307 -0.10272808  0.22545989  0.51592693
  1.91695027]","[ 0.38052677 -0.34498025 -0.33483399  0.78998367 -0.22943464  0.54940726
  1.16517915]","[-0.13891181  0.68701436  0.19344198  0.68650927 -0.06628917  0.13050601
  1.7514496 ]","[ 0.19793736 -0.00744346  0.18969442  0.96165556 -0.48127064  0.2961778
  1.68897579]","[ 0.4604236   0.5092923   0.59800919  0.41354137 -0.03593555  0.88211679
  1.69087249]","[ 0.844061    0.23908923 -0.40315298 -0.26050921  0.19257233  0.47203863
  1.33065087]","[ 0.81136704  0.22257067  0.53326942  0.08814507  0.31832881  0.65199602
  1.40358193]","[-0.12572265 -0.3427739   0.84956691  0.38070452 -0.18497604  0.76836947
  1.48445222]","[ 0.58814701  0.20216473 -0.77389033 -0.11960887  0.10235531  0.66760343
  1.72348553]","[ 0.426617   -0.28871808  0.56007346  0.6488124  -0.32280937  0.70389158
  1.19339778]","[ 0.71175611  0.12128274  0.69146933 -0.02374652  0.04165001  0.88969956
  1.5851062 ]","[ 0.17210755  0.2895224   0.80963477  0.48067381 -0.09401625  0.73894121
  1.48349096]","[-0.11201638 -0.41748967  0.80993253 -0.39643916 -0.07808697  0.38078269
  1.07736686]","[-0.06313729  0.7796551  -0.49326915 -0.38057477 -0.49917902  0.10496315
  1.51076852]","[ 0.89604067  0.00805322  0.4007118  -0.19098776  0.18289189  0.56225383
  1.11353705]","[ 0.87551021  0.05495904  0.37156407  0.30397618 -0.04184057  0.65460255
  1.33032522]","[-0.28982847 -0.47262785  0.80643653 -0.20562709 -0.22062467  0.66657197
  1.07523169]","[-0.11654612  0.95479901 -0.26087567 -0.08197405 -0.12002228  0.4386203
  1.02913205]","[ 0.01638241 -0.12141721  0.82167647 -0.55663028 -0.03292412  0.42574948
  1.67583153]","[ 0.11106423  0.94505436  0.05965257 -0.30162652  0.37292808  0.08868837
  1.80272815]","[-0.06519108  0.44514253  0.8785608   0.16040313  0.24384373  0.39395354
  2.00054119]","[ 0.29640623  0.91100957 -0.22679461 -0.17541126  0.04883389  0.57787828
  1.69834569]","[ 0.67477282  0.3939159  -0.24602144 -0.57357246  0.45312434  0.29605989
  1.93064016]","[ 0.62471318  0.03012692  0.46464394  0.62684274 -0.01702483  0.84044127
  1.73355256]","[ 0.51950377  0.13956303 -0.7847067  -0.30801524  0.09057321  0.72285477
  1.35242701]","[ 0.82662863 -0.53636776 -0.02812594  0.16793946 -0.01062892  0.87489962
  1.43512166]","[ 0.82853922  0.5479675   0.06068385  0.09783582 -0.28767928  0.63997672
  1.79920396]","[ 0.93377846  0.18350759 -0.01657621 -0.30677023 -0.32079969  0.70110383
  1.53988301]","[-0.13896301  0.75861042  0.5412858   0.33497639  0.34730971  0.60782954
  1.18926899]","[ 0.83595615  0.05305417 -0.43511755 -0.33020492  0.53105299  0.63508446
  1.70063128]","[ 0.89401531 -0.24345163 -0.24611753  0.28441885 -0.04815089  0.85549918
  1.06398444]","[ 0.1892154   0.10808347  0.97480207 -0.04771185 -0.19358367  0.48504665
  1.13063706]","[-0.23730626  0.5882905   0.75536333 -0.16439668 -0.06791251  0.61165842
  1.38025595]","[ 0.67611576  0.07133312 -0.48070785  0.55380414 -0.44613148  0.46858424
  1.30403778]","[-0.07578372  0.62533821  0.22586135  0.74309865  0.17878459  0.60521576
  1.66214061]","[ 0.69236709 -0.43801603 -0.57206454 -0.03888349  0.01943132  0.64842669
  0.91652231]","[-0.08369942  0.77101099 -0.02119607  0.63094151 -0.35790968  0.33733142
  1.24702903]","[ 0.80210442 -0.33944884  0.20933586 -0.44450139 -0.01102204  0.57845428
  1.15972517]","[ 0.67986588  0.66119449  0.26848055 -0.16888584  0.20221661  0.6838471
  1.8112918 ]","[ 0.23742263  0.44084684  0.80750516 -0.31180119  0.30524621  0.62811275
  1.33333922]","[-0.45719523 -0.27065539  0.79426021  0.29473532 -0.07724116  0.59753304
  1.4469427 ]","[ 0.63822672 -0.12266275 -0.05423072 -0.7580762   0.22589897  0.67350009
  1.51275129]","[-0.32927647  0.21149296 -0.44095163  0.80771863 -0.49724962  0.33757704
  1.18560252]","[ 0.83477008  0.0754411   0.53630566 -0.09921592  0.26341922  0.57951533
  1.32368216]","[ 0.63389134 -0.19862599  0.55672213 -0.49878848  0.3958803   0.65508615
  1.65519028]","[ 0.07804221  0.95152185 -0.12049216 -0.27202429 -0.18013096  0.30029927
  1.74736479]","[ 0.14646195  0.76738435 -0.15738483 -0.60406968  0.21602111  0.46987524
  1.63636749]","[ 0.41039268 -0.3452568   0.79981616  0.26957318 -0.30376122  0.80116312
  1.43814122]","[-0.21039047  0.43456418  0.80539076  0.34385397 -0.24746807  0.76840422
  1.38550585]","[ 0.15469514  0.95776353  0.1749983   0.167732    0.11532782 -0.02924577
  2.00409169]","[ 0.54618396 -0.34004982 -0.32190355 -0.69456987  0.55128644  0.32970605
  1.68359061]","[ 0.38963191  0.67617722 -0.56485038 -0.26817046 -0.10517282  0.67806139
  1.87660785]","[ 0.75011119 -0.34083098 -0.03313051  0.56574712 -0.32969474  0.77598909
  1.2966464 ]","[ 0.38231886  0.28438292  0.78936392 -0.38712175  0.12849505  0.55320557
  0.84053021]","[ 0.64005898 -0.69579888 -0.28018141  0.1663935   0.01301789  0.62576782
  0.97127829]","[ 0.03716934 -0.51491564  0.61764339  0.59329332 -0.4609583   0.25806392
  1.10947677]","[ 0.68514365  0.2626862   0.66737626 -0.12721269  0.05478401  0.59673
  1.00551769]","[-0.26212674 -0.6565076   0.11977812  0.69709436 -0.1425872   0.0994613
  1.04741466]","[ 0.15831091  0.90840358  0.09991404  0.37384191  0.03954642  0.30893501
  1.17132219]","[ 0.45069324 -0.47852671  0.72758884 -0.19621997  0.0759558   0.43282133
  0.85896149]","[ 0.04321622  0.73812654 -0.62545508 -0.24921379  0.15368342  0.37706946
  1.86833093]","[ 0.11992564  0.67084952 -0.56373169 -0.46667478 -0.31308328  0.63999156
  1.66029634]","[-0.21300295 -0.28300338  0.75057473 -0.55783188  0.01566547  0.80328773
  1.18128784]","[ 0.30379906  0.55374655 -0.51698788  0.57774945 -0.17668225  0.71285714
  1.62829988]","[-0.35269621  0.17360405  0.49240803  0.77653162  0.18225041  0.52085004
  1.95501335]","[ 0.87913468 -0.44610418  0.15467894 -0.06471246 -0.18942296  0.82421057
  1.19827395]","[-0.03517746 -0.2398557   0.30395763  0.92132597 -0.00305914  0.41322746
  2.00847778]","[ 0.29061657  0.85766326  0.40795015  0.11632888  0.11037536  0.67893477
  1.29791664]","[-0.35141191  0.80117717 -0.42054663  0.24034423 -0.05226628  0.37127687
  1.60590161]","[-0.33373443 -0.50686377 -0.27718403  0.74490232  0.56515734  0.43590817
  1.31732181]","[ 0.783332    0.32128429 -0.37748476  0.3750635  -0.04656405  0.81634351
  1.7832406 ]","[-0.27455597  0.02417808  0.87584729 -0.39613882 -0.21260081  0.14642375
  0.95244657]","[ -2.73636552e-01  -6.63344287e-01   6.96487241e-01   1.70812600e-03
  -3.68345194e-01   1.92542901e-01   1.84782552e+00]","[ 0.13725594  0.55897949  0.14504752  0.80477572 -0.07075174  0.3833437
  1.90207232]","[-0.01515282  0.89626779  0.34192413  0.28206796  0.15664868  0.61389879
  1.52868754]","[-0.19148895 -0.67986961  0.69688358 -0.12434861 -0.33140421  0.07938543
  1.02857771]","[ 0.6638991   0.13840974 -0.32167126  0.66076345 -0.32192309  0.61622055
  1.65615784]","[-0.24599664  0.33854419 -0.53006624  0.73749798 -0.16786972  0.1478199
  0.81791545]","[ 0.82477591  0.05788361 -0.56174964 -0.02883626  0.00611874  0.77911046
  1.59832103]","[-0.24279333  0.07688457 -0.58062955  0.77331073  0.02379979  0.77073147
  1.18536267]","[-0.28770812  0.63313261 -0.39485062  0.60038332  0.1450023   0.28190414
  0.99757473]","[ 0.64994691 -0.19014109  0.62548677 -0.38753282 -0.08402641  0.88659844
  1.42103847]","[-0.05207993  0.88793156 -0.4039021  -0.21384179 -0.41664122  0.2365075
  1.06199188]","[ 0.59423661 -0.74094639 -0.17344795 -0.26037877  0.25296178  0.51245046
  1.30244104]","[ 0.34970616  0.69451414 -0.10606214 -0.61976329  0.32593548 -0.00989268
  1.87019074]","[-0.08434774  0.18937762  0.64580828  0.73481511  0.18399107  0.63809811
  1.51582739]","[-0.19342691  0.85384791 -0.10682647 -0.47129384  0.00432503  0.45040622
  1.3500499 ]","[ 0.8641398  -0.37523506  0.27800436 -0.18754901  0.34358803  0.06809542
  1.10517855]","[ 0.36963247 -0.16770925  0.62350144  0.66820012 -0.24502772  0.81581668
  1.3149831 ]","[ 0.46209101  0.54371458  0.54330517 -0.44234133  0.16015864  0.82931449
  1.39189794]","[-0.39554181  0.90187621  0.06923501  0.15928745  0.39258821  0.53656076
  1.24459424]","[ 0.06252567  0.20119896  0.2858672   0.93482055  0.20104291  0.04184835
  1.14889823]","[-0.41784686  0.35585274  0.83550433 -0.02655819 -0.01047386  0.61573561
  0.9294191 ]","[ 0.40733919  0.686986    0.59657501  0.07888769  0.59131108  0.4563467
  1.28754995]","[ 0.33588859  0.88988999 -0.05515435  0.30369829  0.1434554   0.34317004
  1.92030334]","[ 0.61517715  0.14232369 -0.66383934 -0.40077221  0.32133339  0.42855801
  1.87215472]","[ 0.46280701  0.23851628  0.82645968 -0.21420563  0.42091565  0.55894071
  1.17147606]","[ 0.46937458 -0.2428983   0.79797454  0.28969734 -0.13438391  0.44600424
  1.90580693]","[ 0.1780565   0.6029185  -0.50463189  0.59171938 -0.48852681  0.38551821
  1.47596573]","[ 0.55806372  0.75318715  0.34755777 -0.02185387  0.30341428  0.52671227
  1.73739608]","[-0.28119055  0.5149      0.48767562  0.64651554  0.22101857  0.73648963
  1.66943023]","[ 0.148223    0.05939953  0.95863485 -0.23562865  0.02938076  0.4611532
  1.83010643]","[ 0.74795983  0.62058325 -0.15938218 -0.17329121 -0.36300658  0.5212397
  1.40548476]","[-0.16044808  0.76130731  0.50087943 -0.37919307  0.11746927  0.55195478
  0.8800236 ]","[-0.47050758 -0.58481334  0.64460689 -0.14525128 -0.09091558  0.71708464
  1.79473011]","[ 0.65264831  0.503972   -0.21624474 -0.52278161 -0.10623791  0.56091114
  1.86057328]","[ 0.50519274  0.40539067  0.09055822  0.75646408 -0.47608438  0.504146
  1.34722233]","[ 0.06383297  0.98665014  0.13960621 -0.05437789 -0.22071036  0.13824779
  1.26496335]","[ 0.71186949  0.0786266   0.37704396  0.58727978 -0.18286241  0.61176579
  1.29791063]","[ 0.99647016  0.03908005 -0.01499984  0.07276654 -0.07366893  0.92000011
  1.34934788]","[ 0.27745649 -0.49743904 -0.37488572  0.73145949 -0.09879975  0.64164938
  1.38895142]","[-0.33505333  0.81286001  0.03876609 -0.47486321  0.10961322  0.61688177
  1.16689745]","[-0.48091521  0.13092038  0.34510025  0.79529003 -0.05472548  0.1812041
  2.06730253]","[-0.09851685 -0.0628291   0.75652173 -0.64344527 -0.27160284  0.21986663
  1.71106044]","[ 0.04022392  0.97620629 -0.17568851 -0.12056896  0.32611034  0.37626231
  1.49454746]","[-0.0575909   0.00458774  0.90811393 -0.41471837  0.11058217  0.81856722
  1.58923038]","[ 0.44520929 -0.11772517  0.69488261  0.55232929 -0.16278333  0.72823531
  1.31066156]","[ 0.70951308  0.42437892 -0.25901958 -0.49940223 -0.182102    0.6635912
  1.63362219]","[ 0.79954172 -0.2275707  -0.27046282  0.48558673 -0.55827923  0.43759952
  1.26539202]","[ 0.82234    -0.46939654  0.16271436 -0.27739475  0.1613664   0.44485782
  0.959996  ]","[ 0.52073505  0.62832346 -0.57428192 -0.06515299  0.06236072  0.79463127
  1.67663064]","[ 0.17727488  0.59796702 -0.356939    0.69541614 -0.29048337  0.10003512
  1.8731662 ]","[ 0.8092426   0.01738123 -0.51740247  0.27770305 -0.09991785  0.78419732
  1.40455258]","[-0.35098809 -0.45250395  0.31599088  0.75643724  0.23707586  0.17602532
  1.76187126]","[ 0.73198758  0.40827813 -0.02452239  0.54488697 -0.16786288  0.81891081
  1.80793491]","[ 0.04670444  0.70456161  0.33705292 -0.62274149  0.24508506  0.29940868
  1.8532114 ]","[ 0.63860361 -0.12459384 -0.42603028 -0.62861753  0.31080516  0.82313731
  1.4366611 ]","[ 0.02418216  0.29492762  0.72775254 -0.61871574  0.48833814  0.58948006
  1.38465413]","[-0.49038393  0.06334609  0.51356919  0.70125428  0.08878515  0.73111981
  1.37189968]","[ 0.63645705 -0.18739981 -0.74705269 -0.04142479  0.16847653  0.63415634
  1.96289654]","[ 0.16694865  0.96537635  0.16485632 -0.11401338  0.02018313  0.29802627
  1.0918244 ]","[ 0.51142583 -0.7067145   0.48404862 -0.06852134 -0.25881156  0.44245086
  1.24499461]","[-0.16371145 -0.26916989 -0.18015422  0.93182111  0.41443808  0.25587458
  1.84185426]","[ 0.65465848  0.47719792 -0.31457661 -0.49471808  0.16586179  0.61974875
  1.47069944]","[ 0.59141095 -0.71345322  0.04791109  0.37272257 -0.38031988  0.52757143
  1.02521084]","[ 0.88139424 -0.27698208  0.36858176 -0.10282317  0.15793348  0.78059258
  1.32245755]","[ 0.80009925  0.54796088  0.00486387  0.24404183  0.17830703  0.69396548
  1.50295102]","[ 0.61789693 -0.22569141 -0.7514525   0.05085187 -0.07262665  0.54952123
  1.19974228]","[-0.49664013 -0.36774097  0.77495385  0.1325205   0.36431387  0.31032054
  1.72985354]","[ 0.61489303  0.3339326   0.08660931  0.70915048  0.0039021   0.64980629
  1.80801985]","[-0.0899901   0.7717723   0.40726428 -0.48000533  0.08256724 -0.06089686
  1.31024262]","[ 0.8008835  -0.18734626 -0.54994652 -0.1450718   0.58048421  0.5487612
  1.56538175]","[ 0.87138222 -0.03411265  0.48902939  0.01948336  0.22237347  0.76911506
  1.54019197]","[ 0.64046313 -0.67056915  0.19691149 -0.31838634  0.44008534  0.14806265
  1.41699469]","[ 0.50525042  0.09411896  0.79648149  0.31856061  0.15424934  0.72139825
  1.68277786]","[ 0.95649092  0.1902735  -0.00661802  0.22108214 -0.18907021  0.55028077
  1.66404801]","[ 0.8715358  -0.02248725 -0.0091367   0.48973073 -0.21037136  0.93859384
  1.46175206]","[ 0.7749803  -0.01872635  0.62745067  0.07321549  0.20053266  0.80407621
  1.58377941]","[ 0.63222623 -0.33561752  0.61441094 -0.33188864 -0.12428003  0.83954738
  1.44427252]","[ 0.58448605 -0.29057562 -0.40342826  0.64123904 -0.24302911  0.55872362
  0.96622199]","[ 0.36174438  0.45210545 -0.09945597  0.80922814 -0.20991425  0.39115525
  1.02627272]","[ 0.06757186  0.30695364 -0.66705173  0.67546688 -0.36259311  0.71220806
  1.48854644]","[ 0.89406826  0.3679022  -0.20444513  0.15327136  0.13298954  0.88284195
  1.70597722]","[ 0.11953099  0.75262922  0.61797924  0.1932958   0.24705726  0.61413625
  1.94599285]","[ 0.76328879  0.48686137 -0.15195757 -0.39656668 -0.0388811   0.79852802
  1.548885  ]","[ 0.40631456  0.64365618 -0.50328789  0.40904339 -0.12230793  0.72737112
  1.75437572]","[ 0.68811285  0.5155401   0.28065336  0.42655926 -0.10116875  0.80433797
  1.53009827]","[-0.08149785  0.48032076  0.83887469 -0.24277423  0.08508579  0.68664543
  1.16842037]","[ 0.57332605  0.32191598  0.47971634 -0.58098156  0.13352484  0.77891446
  1.26425565]","[ 0.91689227 -0.07812835 -0.07763637 -0.38363671  0.25341571  0.72157127
  1.81964225]","[ 0.30937444  0.28364776  0.89932385  0.12267037  0.12403971  0.75786299
  1.08347318]","[ 0.24050991 -0.14591658  0.47662078  0.83288412 -0.34299847  0.11784903
  1.62441435]","[ 0.74881756  0.12397903  0.50206454 -0.41452703  0.60235343  0.38230105
  1.47039199]","[ 0.82995078  0.36047665 -0.39673835 -0.15439224  0.17298254  0.53698002
  1.74861362]","[ 0.33110776  0.26362537 -0.15288858  0.89302542 -0.27936378  0.64089383
  1.47811592]","[ 0.63651904  0.23592755 -0.70954795  0.18900637 -0.02695555  0.78915847
  1.78413862]","[-0.25789021 -0.07988034  0.92627274  0.26292694  0.05554576  0.85068604
  1.75374941]","[-0.33091884  0.5220359   0.78490681 -0.04350337 -0.05260868  0.66682647
  1.5972696 ]","[-0.29554305  0.8115914  -0.17521428  0.47251843 -0.21970418  0.55160568
  1.29996664]","[ 0.87227505 -0.38585035  0.29860755  0.03300429 -0.00610194  0.36185789
  0.90033121]","[-0.45228904 -0.10774002  0.80953075  0.35845037  0.03806193  0.53400884
  1.91186251]","[ 0.78420146 -0.11777261  0.01518991  0.60903772  0.00243305  0.92476581
  1.3675156 ]","[ 0.94542522  0.19918251  0.08941676 -0.24187213  0.29828898  0.64552534
  1.71393343]","[-0.45996433  0.03015968  0.77566812  0.43111736 -0.13261964  0.6130901
  1.7365882 ]","[ 0.71442628 -0.58434531 -0.18807195 -0.33580438  0.19828909  0.6343632
  1.20869243]","[-0.14392324  0.02861396  0.95645691  0.25230442  0.00728899  0.67756573
  1.72037906]","[-0.04593319  0.30363072 -0.04395405  0.95066638 -0.38969894  0.31573448
  1.77880068]","[-0.2956378  -0.39047266  0.86956365  0.06315425  0.16698632  0.32895748
  1.75112576]","[ 0.74380349 -0.36785831  0.1082142   0.54747267 -0.16036827  0.65683567
  1.12875986]","[ 0.88271201  0.0365461   0.46828649 -0.01384423 -0.019257    0.73400441
  1.0346145 ]","[ 0.97466769 -0.07796354  0.20786235 -0.02716295  0.07545542  0.85205684
  1.37482689]","[ 0.81187042  0.49663337 -0.02217417 -0.30615358  0.06834067  0.38737855
  1.87477282]","[ 0.52612411 -0.61320285 -0.44977206 -0.38063209  0.27345366  0.76174969
  1.71282109]","[ 0.849957    0.080596   -0.4874939  -0.18283076  0.02080992  0.93317028
  1.43934051]","[ 0.69413388  0.68444755  0.20357894 -0.09091384  0.28250154  0.50681881
  1.84617151]","[ 0.25505837  0.04541567  0.79551991 -0.5477506   0.12684747  0.84265401
  1.51232059]","[ 0.33524936  0.70848872 -0.46266354  0.41423912 -0.42830009  0.42878644
  1.04650969]","[ 0.06829682 -0.16834699  0.71059415  0.67974318  0.15421538  0.63063895
  1.511121  ]","[-0.43055409  0.79675621  0.22566972  0.35899288  0.10847622  0.09139171
  1.93221275]","[ 0.06542526  0.1417259   0.72777851 -0.66781116 -0.27947206  0.73110888
  1.20960536]","[ 0.85271733 -0.39338403  0.34231628 -0.03068758 -0.27774073  0.79598469
  1.32302631]","[ 0.51960002  0.57455326 -0.33026135 -0.53928825  0.1902476   0.76435316
  1.57911988]","[ 0.09722127  0.7784801  -0.3836638  -0.48715381 -0.27306028  0.38516179
  1.09561981]","[ 0.87367732 -0.24158179 -0.33022494 -0.26320651 -0.17027472  0.79280124
  1.6135208 ]","[ 0.14506596  0.65986711  0.38766962 -0.62709132  0.44013627  0.10644661
  1.80870515]","[ 0.71727682 -0.21620761  0.66076411  0.04646525 -0.45035868  0.42680175
  1.15782275]","[-0.18850844  0.86155393  0.39969258  0.24987043  0.33674457  0.72759055
  1.39282621]","[ 0.91520853  0.33398667 -0.03398818 -0.22291488  0.23124828  0.58453858
  1.99832903]","[-0.20881744  0.68774246 -0.41439081 -0.55828831 -0.33023289  0.62001081
  1.31421863]","[ 0.17682926  0.25711143  0.76754824  0.55990608  0.04082323  0.700644
  1.69599157]","[-0.22443832  0.45483593  0.57420361  0.64268339  0.03409473  0.75763702
  1.63118242]","[ 0.65659169  0.73386525 -0.1151574   0.13064428  0.16816899  0.55531233
  1.77649388]","[ 0.61631319 -0.35253583  0.53147074 -0.46196904  0.07852928  0.25506709
  1.022974  ]","[ 0.35933327 -0.48865944  0.78356099  0.13462441 -0.06374803  0.57664119
  0.94472607]","[ 0.37473937  0.07117486  0.27633736  0.88212369 -0.65530739  0.27988793
  1.57557317]","[ 0.66732205  0.10788712  0.71202398  0.18990393 -0.07490582  0.52902518
  1.90344398]","[ 0.95260295 -0.18123724 -0.13410625  0.20424543  0.38736149  0.76800292
  1.3599793 ]","[ 0.84197524 -0.3345778   0.34600899 -0.24374816  0.4837074   0.62524968
  1.41571504]","[ 0.78205521  0.35189555 -0.51207782  0.04832672  0.47410169  0.55035441
  1.52787115]","[-0.32549772  0.40171845  0.84405931  0.14225824  0.23552765  0.59304006
  1.6238966 ]","[ 0.69951826 -0.28233958  0.27589914  0.595683   -0.60534295  0.53733959
  1.26849583]","[-0.49137199 -0.01185581  0.85325634  0.17426021  0.38821697  0.29384582
  1.36044998]","[ 0.56027315  0.46637296  0.17042768  0.66298165 -0.48283632  0.23729635
  1.77426125]","[ 0.51284455  0.68264481 -0.51889259 -0.04167753  0.05394356  0.65521682
  1.70060078]","[ 0.56951786 -0.58220899  0.23183341 -0.53191669  0.03502184  0.15246584
  0.92731471]","[ 0.03333169  0.80185981 -0.5957198   0.03205876 -0.21107399  0.55363344
  1.13324231]","[ 0.16616563  0.21421952  0.9239242   0.26993157  0.27257221  0.60642262
  1.70522692]","[ 0.77018135 -0.61521416  0.11006355 -0.12735086  0.27255701  0.61008004
  0.9277784 ]","[ 0.62688648 -0.69671527  0.09259944 -0.33619417  0.32007525  0.11090486
  1.29017774]","[-0.17309795 -0.56963587  0.76138037  0.25661648 -0.24650164 -0.02080172
  1.78300739]","[ 0.36745383  0.86330847 -0.16605165  0.30348478  0.15353471  0.332709
  2.02491192]","[ 0.86794604  0.13932644  0.47405688  0.05027816 -0.03569924  0.69663979
  1.00103382]","[-0.49682317  0.82891136 -0.22434089 -0.12547454  0.30991603  0.33327017
  1.21552405]","[ 0.22567101  0.78827968 -0.53606599  0.20080088 -0.41037835  0.25891512
  1.533808  ]","[-0.03198802 -0.2918566   0.83125158 -0.47203527 -0.01827595  0.51285025
  0.93945153]","[-0.45337653 -0.38182475  0.75383772  0.28352826  0.11283011  0.8643805
  1.41896482]","[ 0.8714549  -0.23742049 -0.3716775   0.21460126  0.47293943  0.3077575
  1.48842039]","[ 0.84498224 -0.21278612 -0.47999343 -0.1016533   0.15603569  0.38148885
  1.9430376 ]","[ 0.66143165  0.56894205  0.04358118 -0.48673792  0.16831877  0.79428503
  1.69831369]","[-0.36255222  0.39367437  0.74870256  0.3911788   0.09488571  0.88664389
  1.47113094]","[ 0.73279954 -0.59136982  0.15569561 -0.29840484  0.20633299  0.28818013
  0.87981823]","[ 0.13668642  0.12915456  0.85445989  0.48428732 -0.01502704  0.42390922
  2.01645706]","[ 0.70002995  0.68025515  0.19474189  0.09636701 -0.19154704  0.50421272
  2.0008662 ]","[-0.11046025  0.81900188  0.50476682  0.24948929  0.26651632  0.56698846
  1.319699  ]","[-0.36429528 -0.02359383  0.92747628  0.08074669 -0.31484431  0.82356718
  1.63817704]","[-0.12766978  0.37094061 -0.42287231  0.81687362  0.20615604  0.12411038
  0.86262215]","[ 0.76753432 -0.14855407  0.44637529  0.4353985  -0.22430588  0.82858341
  1.5317564 ]","[ 0.28189588  0.88544894  0.35303687 -0.10899477  0.31126274  0.09356599
  1.26658756]","[-0.15484297  0.91861884  0.36233095  0.02965409  0.23899683  0.56147744
  1.26995313]","[ 0.59265257  0.38715171 -0.29170227  0.64326221 -0.12301687  0.01299798
  1.88600237]","[ 0.64914017 -0.73024455 -0.06344869  0.20330815  0.15613113  0.74614789
  1.41582391]","[ 0.35000095  0.26409505  0.61277859  0.65746143  0.26263252  0.68337263
  1.74287332]","[ 0.00605096  0.98095771  0.18891538 -0.04468036  0.20377445  0.28160453
  1.92050712]","[-0.18957786  0.83756305  0.40766493 -0.31041533  0.45318402  0.25415679
  1.5659453 ]","[ 0.92400435  0.18516774 -0.32710756  0.07021048 -0.40030192  0.34203274
  1.48944057]","[ 0.8641656  -0.21750915 -0.38353685 -0.2425017  -0.30060957  0.64868481
  1.49298198]","[-0.36087728  0.41806116 -0.41765433  0.72149658 -0.06804834  0.65011039
  1.0858222 ]","[ 0.79658557  0.4750459   0.22982518  0.29489526 -0.27308397  0.62929988
  1.61583378]","[ 0.34989125  0.2689961   0.35493194  0.8241605  -0.53927454  0.33806217
  1.56146755]","[-0.3486671   0.66649581  0.24800966  0.61049636  0.29933297 -0.03282573
  1.49348707]","[ 0.35563573 -0.17595822  0.89044845  0.22285307  0.05934522  0.91026499
  1.60530915]","[ 0.57531836  0.44397264  0.2613878   0.63527435 -0.33517956  0.68514433
  1.53312227]","[ 0.11119842  0.35830564  0.17805848  0.90969619  0.28627627  0.23999781
  1.9439367 ]","[-0.08555228 -0.15864478  0.35046119  0.91906996  0.23247047  0.09694089
  1.98150593]","[ 0.23849944 -0.03736801  0.40418024  0.88224712 -0.31893064  0.15401918
  1.10449294]","[ 0.51358807 -0.49581207  0.03502739  0.69940745 -0.14350815  0.73722885
  1.37053571]","[-0.26071426  0.81024686 -0.50237108 -0.15215582  0.11628705  0.46906495
  1.21324549]","[ 0.51991442  0.56414897  0.62301253  0.15257892  0.23835589  0.28204772
  2.04178422]","[ 0.8045955   0.07796074  0.19930751  0.55391761 -0.07854184  0.90892547
  1.47452419]","[ 0.33750165  0.61048548 -0.56440851 -0.44141041 -0.41845227  0.201572
  1.87665182]","[ 0.15236231  0.19707876  0.96470379 -0.08539486  0.17306986  0.31467596
  1.13634997]","[-0.23423199 -0.09921181  0.90300542  0.34622767 -0.22225833  0.37654426
  1.33386817]","[ 0.19312171 -0.25686716  0.74860631  0.57992401 -0.02267381  0.71296412
  1.46043492]","[-0.01342953  0.76256409 -0.59676666 -0.24936962 -0.1582179   0.52042971
  1.67034234]","[ 0.78530638  0.11048512  0.27820746 -0.54192945  0.60284756  0.03076782
  1.47285848]","[-0.41725594  0.41439483 -0.14560948  0.79559555  0.30380302  0.19972852
  0.93569558]","[ 0.56773471 -0.146969    0.48691366  0.6472963  -0.18655285  0.87409334
  1.54083817]","[ 0.38277364 -0.18507173  0.09820899  0.89977097 -0.12967875  0.44416379
  1.21365228]","[ 0.07189042 -0.55913882  0.7239128   0.3976755   0.11967158  0.62562674
  1.35388429]","[ 0.50378368  0.85604727 -0.11498631  0.01277584 -0.52371127  0.36508792
  1.76286839]","[-0.25841442  0.287489   -0.2554433   0.88618327 -0.153903    0.23542857
  1.64586055]","[ 0.66986571 -0.24499256 -0.06439882  0.69793364 -0.22456078  0.59237046
  1.45185403]","[ 0.63278249  0.12972349 -0.42532086  0.63392453 -0.10966152  0.4268906
  0.91512725]","[ 0.78336313 -0.60704671 -0.12897746 -0.03466006 -0.02471132  0.78791995
  1.26602168]","[ 0.54718195  0.34815229 -0.75324906 -0.10953427 -0.15102235  0.54809351
  1.7151537 ]","[ 0.62784697 -0.53102746  0.33472417  0.46019317  0.22447875  0.53755582
  1.22588968]","[ 0.45346078  0.65912207 -0.18601886  0.57037568 -0.06925096  0.0224908
  1.87924369]","[-0.44097737  0.39885262  0.4164892   0.68774436  0.33640122  0.67213255
  1.19169283]","[-0.15777409  0.67116531 -0.50089438 -0.52321056 -0.00744583  0.10294017
  1.93854245]","[ 0.53675667  0.30026311  0.76120007 -0.20569103  0.14226252  0.83507325
  1.49495752]","[-0.31313035  0.91233448  0.0450923   0.25992664  0.03902571 -0.12367745
  1.80422907]","[ 0.0953088  -0.05657539  0.94671874  0.30238896 -0.14381571  0.77424169
  1.64111279]","[ 0.7198739  -0.62485594  0.29519642 -0.06477409 -0.08656698  0.82286107
  1.15611564]","[ 0.26820228 -0.34873651  0.8580573  -0.26493028  0.08378391  0.57344433
  1.3266946 ]","[ 0.41435298  0.83548987  0.18348609 -0.31080725  0.41911711  0.32600359
  1.73625799]","[ 0.8018959   0.09169925  0.2928182   0.51265165 -0.26381711  0.85322335
  1.49511737]","[-0.26206343  0.46308447  0.00541796  0.84666769  0.16147012  0.55476822
  1.21871543]","[ 0.70999316 -0.30210667 -0.59287862 -0.23051294  0.51091036  0.2194321
  1.32759651]","[ 0.45300966  0.48489168  0.74736963 -0.03318045 -0.12380299  0.43505223
  1.06834877]","[-0.08821168  0.91046894 -0.21169768  0.34416436 -0.15677361  0.48478961
  1.2097404 ]","[ 0.74792777 -0.52917819 -0.21081734  0.3407793  -0.23096652  0.67490271
  1.17495599]","[-0.07988944  0.06691491  0.99120686  0.0815416  -0.43541965  0.74532302
  1.55133227]","[ 0.43493688 -0.6135597  -0.12958337  0.64620628 -0.4040401   0.18251475
  1.76509148]","[-0.18434189  0.88105319 -0.29841482 -0.31735145 -0.34656172  0.55305283
  1.57257598]","[-0.06606955 -0.04080408  0.92895604 -0.36195374 -0.07057518  0.93206175
  1.36219509]","[ 0.52459886  0.61654825  0.38811456  0.44048993  0.06573444  0.82996449
  1.61597672]","[-0.494197    0.77876958 -0.37374521 -0.09798871 -0.16430821  0.72297974
  1.18545379]","[ 0.20581135 -0.12119802  0.92812802  0.28553653 -0.24872524  0.62624781
  1.93393302]","[ 0.05385005 -0.44310536  0.44488764  0.77642308 -0.06724025  0.49035538
  1.60679008]","[ 0.44901845  0.74298774  0.2668149  -0.41852295  0.48239943  0.50313167
  1.59091445]","[-0.01321036 -0.51834116  0.82917567 -0.20884358 -0.56268734  0.4396791
  1.72362683]","[ 0.92957296  0.08003315 -0.30382896 -0.19281279  0.48354018  0.63193082
  1.3027725 ]","[ 0.89693996  0.1067474  -0.32370156 -0.28163984  0.10712606  0.9321941
  1.59187257]","[ 0.31748725  0.34069803  0.70381404 -0.53644432  0.30799783  0.57089584
  1.70054238]","[-0.47791905 -0.24661075  0.77521765  0.33138214  0.27707273  0.7916353
  1.66055125]","[ 0.04156366  0.15653227 -0.06545466  0.9846247  -0.56720174  0.27509791
  1.523955  ]","[ 0.63782239  0.51446336 -0.43077873 -0.37807372 -0.04823198  0.73252308
  1.61254655]","[ 0.61337296 -0.31445641 -0.17787628  0.70231817 -0.1343494   0.55084406
  1.07693248]","[-0.35780124 -0.54314537  0.75670679 -0.06607739 -0.13854671  0.7045856
  1.37276905]","[ 0.72169768  0.48001161  0.35312567  0.35219821  0.4196813   0.75203368
  1.61828685]","[ 0.32053528 -0.55784959  0.01196513  0.76545268 -0.18371772  0.29001213
  0.93885753]","[ 0.575218   -0.78048854  0.23715775 -0.06097627  0.0651074   0.72152752
  1.22811208]","[-0.26525901 -0.54897229  0.68935988 -0.39121611 -0.31687499  0.76270641
  1.51815631]","[ 0.65455403 -0.14538457  0.7405076   0.04550662 -0.13598502  0.82494457
  1.24183501]","[ 0.72369306 -0.68238068  0.10279838  0.00757972  0.22957519  0.56356144
  1.41764213]","[ 0.88192597  0.10098569  0.24312489 -0.39102271  0.03116678  0.60608701
  1.00416814]","[ 0.07754343  0.59033852  0.32654362  0.7340686   0.45319114  0.11840195
  1.16008057]","[-0.36580008  0.11266263  0.45727538  0.80274321  0.24480186  0.65374556
  1.28925662]","[ 0.30511941  0.14214218  0.80381344 -0.49049129  0.16815853  0.4094343
  0.95213282]","[ 0.65666299  0.26627605  0.52899184 -0.46696725  0.15409936  0.84248139
  1.52346205]","[ 0.78868079  0.0087145  -0.25109419 -0.56112242  0.3590171   0.50391258
  1.76181403]","[-0.29089801 -0.13328482 -0.62470012  0.71229437  0.1901578   0.75221036
  1.26148994]","[ 0.81427763 -0.3894436  -0.3215955  -0.2861153  -0.07900501  0.77794823
  1.14862529]","[  5.77132033e-02  -5.74558898e-01   5.96168270e-01  -5.57794454e-01
   5.86289480e-04   2.94349762e-02   8.76778296e-01]","[ 0.88275866 -0.0780465   0.45769619 -0.07183375 -0.13512004  0.91400854
  1.36788001]","[ 0.70527135  0.38813427 -0.49374809  0.32887221 -0.46677498  0.10578186
  1.15016322]","[ 0.53533968  0.11498115  0.78297416  0.29519862  0.15068272  0.74790924
  1.70467274]","[ 0.30563146  0.29459444  0.55436662  0.7158779  -0.20758507  0.11607707
  1.98775989]","[ 0.27403995 -0.28877919  0.30581349  0.8648623  -0.1865442   0.71332618
  1.44341296]","[ 0.66286813 -0.69642483 -0.18427599  0.20406043 -0.20166286  0.66563111
  1.24532141]","[ 0.1100921  -0.60128725 -0.38385166  0.69209195 -0.17113999  0.39442446
  1.14113774]","[ 0.72897316 -0.03677938  0.43778965  0.52496251  0.13979135  0.47799671
  1.94208544]","[ 0.90990553 -0.11015818  0.39059844  0.08584843 -0.28891133  0.75081362
  1.08015853]","[ 0.36047578  0.1422811  -0.61769921  0.68429598 -0.267468    0.74698728
  1.1052561 ]","[-0.1574863   0.8173259   0.55404798  0.01439669  0.17598671  0.38290865
  1.63062079]","[ 0.58945902  0.23235868 -0.74469163 -0.20971858 -0.31872167  0.52537211
  1.1127952 ]","[ 0.55543099 -0.23510077 -0.59999977  0.52557048 -0.28563129  0.79210232
  1.33866969]","[  9.60522081e-01  -1.60173091e-01   2.23299804e-01   4.33487047e-02
   9.82529916e-04   7.20417248e-01   1.24758293e+00]","[ 0.50915668  0.51558111  0.16963625  0.66795145 -0.55056944  0.48367352
  1.5117291 ]","[ 0.12981511  0.82194041  0.0971972  -0.54599881  0.08230843 -0.08865966
  1.5548799 ]","[ 0.71825444 -0.36943894  0.17388077 -0.56337457  0.26614463  0.63297213
  0.96936157]","[ 0.88464786 -0.34842851  0.29115296 -0.10595136  0.18181192  0.42597002
  0.89800725]","[-0.49723936  0.07766678  0.81975357 -0.2733587   0.45440849  0.6268329
  1.45137884]","[ 0.70066322  0.45943808  0.30517641 -0.45260917  0.03942218  0.84657014
  1.51486622]","[ 0.50220643  0.85382624  0.02251625 -0.13513871 -0.44738473  0.22121064
  1.35999321]","[ 0.15776957  0.75585653 -0.27907398 -0.57088298  0.06471638  0.08429557
  1.81026437]","[ 0.93575064  0.074203   -0.34023549  0.05571779  0.33971754  0.8049266
  1.7238323 ]","[ 0.3780647  -0.51073696 -0.10654553  0.76476329 -0.47652933  0.32075351
  1.49162659]","[ 0.97173165  0.20838263 -0.10371757  0.03945816  0.47618779  0.5330728
  1.76345453]","[-0.03752588 -0.10326728  0.6927168   0.71279107  0.0931495   0.17726603
  2.05601274]","[-0.04897962 -0.5919543  -0.39411771  0.70132898  0.53152073  0.03571646
  1.41000238]","[ 0.84539612 -0.26015879 -0.40533089 -0.23093217  0.08983726  0.69913211
  1.28918179]","[-0.05293757  0.51760317  0.81779438 -0.24596123  0.17415556  0.63355705
  1.22403748]","[ 0.14971911 -0.37066224 -0.53757774  0.74243105  0.00302847  0.79164095
  1.16634701]","[ 0.12531685 -0.01034518  0.72231815 -0.6800332  -0.13016328  0.605078
  1.17765465]","[ 0.8957862   0.44148186 -0.05152343  0.00248838  0.28518891  0.41840593
  1.88783466]","[ 0.11093017  0.98359671 -0.13655213  0.03981864  0.07756754  0.03437803
  2.00282033]","[ 0.50762496  0.23067391  0.67915876  0.47733617 -0.38749556  0.78620395
  1.51874257]","[ 0.36105171 -0.01055132  0.66600305 -0.65266398  0.21027517  0.74450674
  1.51449548]","[ 0.40858863 -0.59428821 -0.25391804  0.64451725  0.14716973  0.71747434
  1.24823024]","[ 0.73859434  0.30180889 -0.56739868 -0.20358911  0.43001483  0.31345425
  1.455322  ]","[-0.41479349 -0.166448    0.18658362  0.87488741  0.51747071 -0.043783
  1.31456417]","[ 0.76596754 -0.4708739  -0.03663846  0.43615264  0.09896032  0.8912762
  1.39570091]","[ 0.86923624 -0.27181146  0.19462521 -0.36423607 -0.24218286  0.16512636
  1.00229092]","[ 0.64922987 -0.45954287  0.59542308  0.11310296 -0.31631978  0.77755889
  1.24751482]","[ 0.13150587 -0.42168647  0.86154574 -0.25025119 -0.43911632  0.7465473
  1.3968105 ]","[-0.12296657  0.83271705  0.49240865 -0.22134873  0.16401119 -0.09218086
  1.63855811]","[ 0.5534366  -0.17455659  0.66000768 -0.47710354  0.01270669  0.31542278
  0.7661936 ]","[ 0.77821707 -0.42362572 -0.36332542 -0.28794806  0.37289271  0.44368463
  1.50558634]","[ 0.18453406  0.42274603  0.83847845  0.29014973 -0.1615013   0.72016394
  1.28033636]","[ 0.39967971 -0.40604674  0.57499917  0.58716107 -0.17434361  0.79861745
  1.41170568]","[ 0.17501798  0.27202425  0.94500381  0.04836648 -0.13173694  0.57193366
  1.79026125]","[ 0.76211955 -0.56520409 -0.30951773 -0.06258523  0.17143726  0.75599308
  1.32570556]","[ 0.03327822  0.13305185  0.34882325  0.92709876  0.20837744  0.18383584
  2.03889083]","[-0.22138042 -0.0620578   0.52354982  0.82038718  0.25262846  0.46362503
  1.6691579 ]","[-0.18947561 -0.3043027   0.80896946  0.46590478 -0.37712222  0.37240809
  1.25866409]","[-0.43490645  0.5668675  -0.33198755  0.6158749  -0.15082847  0.3792672
  0.96406577]","[-0.37860736  0.64759267  0.54224889  0.37847897  0.25039028  0.59511941
  1.25262301]","[ 0.07180939 -0.49870777  0.86294859 -0.03812749  0.06030211  0.04160136
  1.53544974]","[ 0.54689233  0.76861657  0.27790203 -0.18140509  0.23008816  0.54432604
  1.83427101]","[ 0.08904127 -0.46706348  0.64051591  0.60304454  0.04588752  0.56043803
  1.78185932]","[ 0.44678799  0.57474826 -0.0215099   0.68526072 -0.34929426  0.29279596
  1.68136255]","[ 0.43039177 -0.17121179  0.72372925 -0.51153242  0.21061123  0.59913715
  1.39690062]","[ 0.22668361 -0.4922688   0.66051377  0.51962248 -0.15344459  0.80480561
  1.43210835]","[-0.27500626  0.82391864 -0.44478048  0.21840322 -0.48597727  0.53789923
  1.15415546]","[ 0.91698977 -0.32728282 -0.21091849  0.08677041  0.04351476  0.89554261
  1.53076835]","[ 0.92296786  0.31954913  0.20455302  0.06462777  0.23269735  0.70017376
  1.54421325]","[-0.30654813 -0.02277719  0.52336665  0.79473064  0.18572308  0.32331456
  1.80379562]","[-0.05245866  0.92639378 -0.32169768 -0.18855569 -0.2519772   0.42311946
  1.01803608]","[ 0.46964768 -0.18407171  0.60354062  0.61748472 -0.27016308  0.59482284
  1.7791673 ]","[ 0.85951493  0.059819    0.29708945 -0.41157457  0.43978838  0.57978585
  1.70508426]","[-0.44312448  0.18706188 -0.20902598  0.85144389  0.31258406  0.50997583
  1.04936916]","[-0.11453041  0.94129814  0.26908928  0.16861658  0.18749081  0.61643287
  1.278611  ]","[-0.03528576 -0.07699258  0.84658572  0.52547092  0.03762033  0.45679026
  1.89205996]","[ 0.20564273  0.66145127  0.56145195  0.45273059  0.12648714  0.3011521
  2.00902213]","[-0.42512761  0.36138567  0.82119644 -0.11959651 -0.26187685  0.79032139
  1.52700827]","[ 0.8186055  -0.39352579  0.25352019  0.33279124 -0.24027768  0.79093547
  1.08813165]","[ 0.1654295   0.09576192  0.7159029  -0.67152496  0.07530113  0.81991684
  1.38978785]","[ 0.98411047 -0.14560691  0.04872845  0.08916694 -0.47393937  0.60336348
  1.29640985]","[-0.17374932 -0.6362259  -0.25537932  0.70697184 -0.03923588  0.48402735
  1.65639633]","[ 0.58770552  0.5962043   0.44020844  0.3245908   0.06162714  0.60281145
  1.67459101]","[ 0.78767322 -0.49188736  0.13924194 -0.34384503  0.53156225  0.45239824
  1.08449651]","[-0.39198818 -0.49769753  0.75594186 -0.16490709 -0.34102992  0.63206387
  1.5631474 ]","[-0.3040977  -0.34524959  0.09203824  0.88309471  0.3440529   0.41453572
  1.91165442]","[ 0.50696959 -0.33990593 -0.79197544 -0.01485614 -0.08985705  0.62143396
  1.79863614]","[ 0.6825144  -0.66214946 -0.28760663 -0.11408159  0.51123565  0.53320939
  1.46887608]","[ 0.90249104  0.34228354 -0.16639647  0.20165346  0.15763578  0.83772093
  1.81602132]","[ 0.0087222   0.83567824 -0.26838725 -0.47909716 -0.27967903 -0.00508088
  1.03443926]","[ 0.06022173 -0.64815547  0.72021661 -0.23990801 -0.17289154  0.79106137
  1.37835999]","[ 0.77556268 -0.14952804 -0.30200155  0.53379675 -0.04905171  0.72188108
  1.36726989]","[ 0.10605558  0.92400654 -0.28605568  0.23051308  0.14623392 -0.04981223
  1.05705659]","[ 0.17157598 -0.00908666 -0.06603966  0.98291296 -0.20059013  0.53418666
  1.58396929]","[-0.25478023 -0.14693879  0.94325208 -0.15418021 -0.17069161  0.93178464
  1.38927046]","[ 0.67244806  0.03021397 -0.72562944 -0.14269769 -0.22841769  0.80045695
  1.32464793]","[ 0.3076087  -0.19202175  0.86018049 -0.35860013 -0.06907041  0.87517199
  1.20261247]","[ 0.09737961  0.66489065 -0.33790438  0.65898275  0.37911331 -0.01343331
  1.39620961]","[-0.11621471  0.363755    0.91379584 -0.13839653  0.01373318  0.39121675
  0.92933341]","[ 0.27637612 -0.01672186  0.80861653 -0.51911071  0.34404356  0.70243236
  1.10124903]","[ 0.67209631  0.41767761 -0.0599782  -0.60846904  0.11298943  0.67531781
  1.19555652]","[ 0.8022814   0.04971455  0.46271418  0.3738564  -0.53991359  0.44698981
  1.72708924]","[-0.46944336  0.86037755  0.02806768  0.19643221  0.14150986 -0.00711957
  1.26750191]","[ 0.02666003 -0.15452787 -0.18208675  0.9706981  -0.24693112  0.28565913
  1.74093385]","[ 0.3241036   0.42173974 -0.54211692  0.65053954 -0.41177088  0.69380962
  1.63112914]","[ 0.56998281  0.11729372  0.77350246 -0.25110897  0.27372542  0.6648611
  1.78528864]","[ 0.24647073 -0.15129326 -0.66527932  0.68830659  0.21391431  0.39745395
  0.94986542]","[ 0.26798317 -0.35056721  0.89416168  0.07591137 -0.24253585  0.65910423
  1.24633963]","[-0.43995432  0.56730833 -0.46533674  0.51774818 -0.26439141  0.55128914
  1.50903103]","[ 0.08542615 -0.03562093  0.98388511 -0.1529824  -0.24068262  0.75790705
  1.68441407]","[ 0.74988294  0.60101933  0.00194828  0.27649149 -0.1608706   0.80223601
  1.72202333]","[-0.40527738 -0.35550336 -0.38846285  0.74730464  0.59561909  0.45019046
  1.48305414]","[-0.42022068  0.41440299  0.6858517   0.4257842   0.52178353  0.37902849
  1.20901892]","[ 0.65675629 -0.41600879  0.22779994  0.58627216 -0.07381612  0.82892092
  1.51532641]","[ 0.90100013  0.09581054 -0.4226054  -0.02058592 -0.42897128  0.69929516
  1.64463289]","[ 0.61048757 -0.75044066  0.12086042 -0.22256798  0.38089462  0.54452794
  1.34780955]","[ 0.50900063 -0.36333703 -0.48788702 -0.60899164  0.14649689  0.79618253
  1.49773349]","[ 0.72109902 -0.2228916  -0.53979078  0.37277532  0.03272195  0.944504
  1.44787943]","[ 0.67583866 -0.48400796  0.08000699  0.55007025 -0.3921679   0.7508103
  1.23921881]","[ 0.86452232  0.30998216  0.05397311 -0.39191723  0.50212863  0.03109477
  1.43964414]","[ 0.74132165 -0.49827968  0.30612865  0.3293096  -0.2664753   0.5716051
  0.96081031]","[ 0.57791678  0.47875155  0.62076232  0.22685521 -0.18840016  0.83167501
  1.52401299]","[ 0.79815374 -0.42641544 -0.21567514  0.36688514 -0.30669203  0.58770187
  1.21333545]","[ 0.82270294 -0.34186011 -0.45285412 -0.03485226  0.40269588  0.34200084
  1.81411437]","[ 0.42973907 -0.24500412 -0.13427602  0.85864269 -0.10725859  0.23339483
  1.89059951]","[ 0.19993602  0.44706402  0.71605269 -0.49742124  0.18836162  0.74044002
  1.09455176]","[ 0.18520501  0.90523721  0.26075333  0.27973632  0.22992127  0.17578377
  1.88199003]","[ 0.49769085  0.60182756 -0.50946795 -0.36131678 -0.32203184  0.41860767
  1.50366463]","[ 0.71653512 -0.18639228  0.62439983 -0.24891803  0.09458241  0.83808333
  1.14950134]","[ 0.40291336  0.88575484  0.18712951  0.13446836  0.16535528  0.45129134
  1.98672474]","[ 0.7149928  -0.01338405  0.60340813  0.35285236  0.09131586  0.39664296
  1.17753969]","[  5.84259356e-01  -9.75423781e-04  -7.34368503e-01  -3.45460496e-01
  -3.39146874e-01   5.91775407e-01   1.40831808e+00]","[-0.37047797 -0.46915531  0.10974636  0.79410019  0.49905318  0.50281748
  1.48089505]","[-0.46245199 -0.49589608  0.73498872  0.00410087  0.11660582  0.65755536
  1.79887008]","[ 0.66167297 -0.64478599 -0.01322297 -0.38244615  0.07073542  0.53192885
  1.16502694]","[ 0.69358591  0.32004757 -0.35104951 -0.54154628  0.25566547  0.2371939
  2.01485813]","[ 0.39415042  0.30576784  0.75999513  0.41660399 -0.021103    0.92127247
  1.65060686]","[-0.49976095  0.26140985 -0.07535326  0.82232948 -0.10174636  0.44399615
  1.08392638]","[-0.29458129  0.76179525  0.37976472  0.43436001  0.24057187  0.74499479
  1.66615064]","[ 0.85321503 -0.05323394  0.28991242  0.43028019 -0.05172272  0.67797823
  0.96423316]","[-0.45081149 -0.14121883  0.78666653 -0.39746952 -0.27587734  0.45996034
  0.89586226]","[ 0.83421892 -0.0054177  -0.54439776 -0.08763856  0.49201585  0.49893858
  1.26857017]","[ 0.33733607  0.75271655  0.28492765 -0.48830155 -0.01493206  0.22235838
  1.19912309]","[ 0.24815718 -0.08164158  0.0096848   0.96522478 -0.28283067  0.53971485
  1.52902341]","[ 0.61667816 -0.26219638  0.63898704  0.37769918  0.13964582  0.77982541
  1.70601053]","[-0.38805869 -0.1571348  -0.00814001  0.90810399  0.56813226  0.03520047
  1.6546806 ]","[ 0.10392769  0.62539859  0.65672189  0.40840176  0.56931154  0.45460492
  1.76829729]","[ 0.79554316  0.48182776 -0.35229151  0.10413344  0.15399932  0.73359558
  1.73530998]","[ 0.72621982  0.09839363 -0.66074067  0.16231214 -0.21381231  0.6718695
  1.37252398]","[ 0.45464349 -0.50682875  0.71996689  0.13443064 -0.33908679  0.36783159
  1.90014408]","[-0.4784855   0.74676843  0.46180353  0.01122665  0.39241397  0.1298294
  1.03339135]","[-0.18216534 -0.26985133 -0.44412487  0.83471501  0.0404696   0.50190813
  0.97701209]","[ 0.18016341 -0.12768456 -0.42771921  0.87652386  0.15902362 -0.13485642
  1.5191763 ]","[-0.14964074 -0.32790787  0.2654704   0.89420889 -0.42405204  0.22752863
  1.26648644]","[ 0.70910996 -0.44706895 -0.50328615 -0.20975096  0.41580194  0.46986112
  1.48558402]","[ 0.58353517  0.76517793 -0.09610126 -0.25446805  0.2399718   0.20887767
  1.85847064]","[-0.26079032 -0.47412279  0.73151597  0.41482572 -0.31051636  0.52383569
  1.63673795]","[ 0.06567016  0.71894072 -0.68932961  0.06030223 -0.48078807  0.61728911
  1.66850873]","[ 0.66394217 -0.58175308 -0.30486313 -0.35749492  0.05408671  0.74021718
  1.42315446]","[ 0.20787344 -0.2207842   0.92015126  0.24771886  0.05467376  0.91206256
  1.58573965]","[ 0.85521126  0.45429407  0.08714733  0.23374334  0.39303598  0.69150791
  1.78112056]","[ 0.63802804  0.43211187 -0.61962114 -0.14922868  0.04713242  0.81418873
  1.80727817]","[-0.16108676 -0.59672597 -0.28717774  0.73177737  0.34397143  0.46523258
  1.68406299]","[ 0.66189927  0.0494123   0.51440375  0.54298855 -0.08711744  0.61419668
  1.41850255]","[ 0.82617417 -0.09557084  0.55137432 -0.06548906  0.22561604  0.86737646
  1.16338301]","[ 0.51756577  0.56171382 -0.50385628 -0.40340067  0.11206228  0.47855376
  1.71951999]","[-0.23567831  0.96773909 -0.00780392 -0.08874619 -0.10197029  0.4217302
  1.24762437]","[-0.29583644  0.42185632  0.47383102  0.71414439  0.39168512  0.11980729
  1.57403892]","[ 0.15213378  0.76431925  0.18958254  0.59726867  0.07731045  0.54631662
  1.76142263]","[ 0.23810544 -0.21441835  0.76259007 -0.56194925 -0.21013062  0.28426411
  0.87175379]","[ 0.53380465  0.39157129  0.6813644   0.31219717 -0.24372476  0.65280873
  1.54487372]","[-0.47577834  0.18117971  0.86015984  0.03056038  0.12091907  0.82767448
  1.52568003]","[ 0.624336    0.07358173 -0.69554803  0.34785517 -0.51901089  0.67207293
  1.24488434]","[ 0.03501361  0.47406542  0.68201517  0.55577994  0.24879     0.03883801
  1.71619524]","[ 0.78980806  0.21539248  0.06612711 -0.57047043  0.0488294   0.56658768
  1.05901987]","[ 0.05625611  0.73667252 -0.53703583 -0.40711345 -0.02288059  0.21150287
  1.92279053]","[-0.08753996 -0.01847356  0.93759528 -0.33602169  0.12289013  0.16604651
  1.36575228]","[ 0.16635159 -0.26851959  0.89245299  0.32210563  0.13191526  0.40107682
  2.01924793]","[-0.46722825  0.49157705  0.50450245  0.5343473  -0.04460874  0.40535221
  1.25951895]","[ 0.11334862  0.75423455  0.51286325  0.39402237  0.55318065  0.37005865
  1.37408831]","[ 0.69017369  0.70917294 -0.13871326  0.03863499 -0.0227604   0.29958594
  2.13958646]","[-0.34500208  0.4404785   0.25936946  0.78719739  0.30821834  0.31589378
  1.18167036]","[ 0.63664741 -0.71992176  0.1558812  -0.22824064 -0.15027013  0.50102598
  1.05155705]","[-0.39637244  0.87128666  0.28931362 -0.00678819  0.23132052  0.72519043
  1.21542483]","[-0.22424768  0.22896915  0.47143727  0.82160392  0.09855766  0.69339268
  1.6919176 ]","[ 0.14666285 -0.44133405  0.77508005  0.42774429 -0.12632712  0.44223581
  2.03297403]","[ 0.74683582  0.13767186 -0.5954813   0.26207774 -0.07907471  0.5586032
  1.21179314]","[ 0.00994202  0.45001036  0.80565621  0.38511025  0.47387176  0.59949468
  1.41884134]","[-0.05724768  0.30575808 -0.50099564  0.80761257  0.08785136  0.0686687
  1.58216885]","[ 0.77573794 -0.42880472  0.46075458 -0.04541355  0.52150151  0.33390195
  1.29884314]","[ 0.50166975 -0.82301974  0.23653766 -0.12253942 -0.26696262  0.4810736
  1.3796414 ]","[-0.20711921  0.59180793 -0.55197106  0.54972081 -0.03671191  0.57326771
  0.98534048]","[-0.29366158  0.21432409 -0.44971384  0.81583425 -0.18341299  0.5598167
  0.98558536]","[-0.28287001 -0.32880163 -0.46718365  0.77046316  0.23379812 -0.01286024
  1.51075473]","[ 0.89165626  0.01864127 -0.42744413 -0.14796327  0.06269998  0.93172761
  1.2998786 ]","[ 0.21037868 -0.209345    0.82931371 -0.47344932 -0.23937556  0.33477061
  0.86684396]","[ 0.50156848  0.84389369  0.18257391  0.05421508  0.35132945  0.5939239
  1.87217137]","[ 0.62493014 -0.35903236 -0.57094795  0.39316221  0.07835405  0.88204507
  1.28901955]","[ 0.12976332  0.50233912  0.84736223  0.11311123  0.1181681   0.48299411
  1.18913351]","[ 0.80716325  0.02620803  0.5545639  -0.20064771  0.09474961  0.67659888
  1.64254556]","[ 0.9371876  -0.28747727  0.00856115  0.19739028 -0.12664558  0.8957505
  1.55718765]","[ 0.6322283   0.6444169   0.11200287 -0.41529459  0.04398103  0.67567514
  1.27606925]","[-0.44584208  0.33148693  0.8273216  -0.08294714 -0.14015127  0.67896211
  1.40917278]","[-0.15687071 -0.15844092  0.97441938  0.02819451 -0.33484704  0.79226897
  1.59305361]","[ 0.78727206 -0.55740495 -0.15402243 -0.21396148 -0.22098547  0.77622733
  1.39620675]","[ 0.77132859  0.33017321  0.48768438 -0.2412505  -0.02098775  0.74768156
  1.71199875]","[-0.10874198 -0.1149862  -0.05215944  0.98601863  0.43086593  0.43257675
  1.26763387]","[ 0.61034604  0.78025597 -0.09693343 -0.0963444  -0.201539    0.68356173
  1.44229123]","[ 0.93494021  0.33028363  0.05589432 -0.1169417  -0.08999241  0.62172975
  1.11424277]","[ 0.45346856  0.79299488 -0.30560262  0.26857481 -0.34942806  0.44530622
  1.28514544]","[ 0.76294859 -0.23583292 -0.50010715 -0.33494048  0.4962874   0.3168966
  1.84709655]","[ 0.67296247 -0.08717963  0.53857424  0.49945873 -0.13094803  0.89729647
  1.50069743]","[ 0.64666455  0.51481208 -0.33166741 -0.45474191  0.53063769  0.38383625
  1.51924083]","[-0.43189743 -0.56028785  0.70549754 -0.04260706  0.06086314  0.14813655
  2.05271745]","[ 0.61051412  0.32089027  0.36424958  0.62579884 -0.37835823  0.46465794
  1.51306369]","[-0.22049163  0.84457727 -0.18196074  0.45272836  0.54341495  0.18881637
  1.33035519]","[ 0.60150714 -0.18721202  0.769061   -0.10810179  0.24760654  0.75311713
  1.50230229]","[ 0.2161004   0.2553166   0.8415633   0.42412882  0.10670001  0.88606078
  1.41095283]","[-0.31354986  0.15007923  0.92523152  0.15201757 -0.16201738  0.9281332
  1.61869008]","[ 0.69318226  0.54738853 -0.45746124 -0.1029241   0.20771984  0.73597927
  1.69593728]","[ 0.56502288  0.11219506  0.80997365 -0.11001863 -0.20808993  0.71530856
  1.14355921]","[-0.28134125  0.42477045  0.78938891  0.34246504  0.05124748  0.88482178
  1.57413355]","[-0.17115553  0.2297529   0.48613581  0.82558547  0.09892139  0.48140095
  1.38083648]","[ 0.09597479  0.87613259 -0.45731933  0.11848863  0.08055037  0.36153277
  1.88797355]","[-0.37553581  0.56175754  0.72400535  0.13862749  0.18301103  0.89132248
  1.54580698]","[ 0.73717447 -0.16864911 -0.0850034   0.64877245  0.05476218  0.05048997
  1.3072536 ]","[ 0.82771432 -0.51430084  0.15668596 -0.16072696  0.02791517  0.83660589
  1.27841185]","[ 0.74100775 -0.12368364  0.14333753 -0.64425479  0.3912274   0.05651446
  1.82420307]","[-0.0490622   0.75773181  0.60353464  0.24327217  0.24949835  0.07890586
  1.88626528]","[ 0.53806642  0.44760296  0.50229718  0.50777323 -0.13323844  0.83898316
  1.8208397 ]","[ 0.74536642 -0.31568086  0.46202135 -0.36236828  0.03145604  0.62187959
  1.14348451]","[ 0.88129395  0.21593805  0.34978411 -0.23311544 -0.12351132  0.86500486
  1.66902583]","[ 0.3463133  -0.55250048  0.7559329  -0.05810133 -0.02958641  0.51081562
  1.05192763]","[ 0.33642558 -0.41443385  0.84525091 -0.02476493 -0.37367639  0.81983159
  1.4788733 ]","[ 0.59771111 -0.75872111  0.25328681 -0.05412484  0.13046532  0.58485431
  0.99687856]","[ 0.00744071  0.1995517  -0.06884521  0.97743751 -0.13602516  0.02333268
  0.98244799]","[-0.0855751  -0.18420954 -0.47475569  0.85635903  0.28386215  0.07035864
  0.95480561]","[ 0.78978826 -0.20709302  0.00596562  0.57733127 -0.01950137  0.90990858
  1.31645056]","[ 0.84505203 -0.04304021  0.4828837  -0.22551707  0.34060304  0.43678639
  0.90341749]","[ 0.6402318   0.52492647  0.55220566 -0.09810378  0.52810015  0.18112109
  1.33134483]","[-0.06468077  0.95489546 -0.05661445 -0.28422853  0.4879639   0.22436679
  1.15363158]","[-0.24446151  0.58156707  0.76910805 -0.10242618  0.06318212  0.87718662
  1.18708665]","[ 0.64509599  0.45741843 -0.55319116 -0.26191427  0.19003164  0.52401364
  1.19263297]","[  2.24569846e-01  -1.51100251e-01   3.15097327e-02   9.62156035e-01
   9.17542938e-05   4.81869069e-01   1.24305876e+00]","[ 0.77043646 -0.15152229 -0.15585098 -0.59931555  0.3842744   0.41602805
  1.22060134]","[ 0.71456633 -0.03641099  0.22525259  0.66130966 -0.29716876  0.66352749
  1.6701908 ]","[ 0.56565209  0.43875374 -0.69572749 -0.0591281  -0.15866952  0.89031376
  1.42320923]","[ 0.25460622  0.79310328  0.16866956  0.52698524 -0.26822177  0.38283663
  1.78014431]","[ 0.78673793  0.10536215  0.20214702  0.57365392  0.04498668  0.06837826
  1.41461828]","[-0.15635706  0.0380813   0.29790429  0.94093322  0.36753709  0.34120805
  1.84150068]","[ 0.68398743 -0.08997682 -0.22220453  0.68897787 -0.19202454  0.76777503
  1.30935896]","[-0.34429958  0.66311753  0.6463945  -0.15461921  0.43638002  0.05623044
  1.01529621]","[ 0.29316908  0.7182684   0.02361239  0.6305433  -0.08869545  0.11866043
  0.98767566]","[ 0.72090788  0.42688856 -0.07771279 -0.54038756  0.42139644  0.5313195
  1.66302384]","[ 0.5600491   0.31331622  0.55688749 -0.52730852  0.54845921  0.52550749
  1.58809044]","[ 0.19577836  0.59728223  0.73630894 -0.25054724  0.26026037  0.66556707
  1.49305118]","[ 0.79151595 -0.42671123  0.43242472  0.06654992 -0.19219132  0.67826605
  0.91540985]","[ 0.47367051 -0.25542433  0.74856692 -0.38735285  0.11869371  0.54738487
  1.11928209]","[ 0.86610034 -0.41139449 -0.26194761 -0.10958203  0.38858106  0.80378874
  1.5608987 ]","[ 0.58658613 -0.06498596  0.72732922 -0.35026524  0.04516716  0.43244516
  0.94256227]","[-0.01414186  0.44285394  0.68062706 -0.5834614  -0.15711739  0.75378824
  1.36971468]","[ 0.87598393 -0.14511318  0.43199463 -0.15803466  0.27063265  0.85219671
  1.28366403]","[ 0.86298731  0.21153307  0.43338912 -0.15060057  0.1009322   0.89555185
  1.71679279]","[-0.19091568  0.33467972  0.92267439 -0.01458278  0.16827969  0.94347607
  1.5608496 ]","[ 0.67061423 -0.41090839 -0.54329561 -0.29370177  0.63684498  0.28607911
  1.29428238]","[-0.42774184 -0.41748452  0.51496603  0.61445389 -0.04281569  0.68453262
  1.76749121]","[-0.18771371  0.19511783  0.36303338  0.89157129  0.1327564   0.00372154
  1.25735848]","[ 0.25676537  0.40678882  0.42367219  0.76752607 -0.31293811  0.65402205
  1.43199961]","[ 0.057529   -0.22373999  0.53876514  0.8101623  -0.58618624  0.43380805
  1.59109961]","[-0.37985158  0.11951351  0.83465285  0.38050481 -0.23905347  0.69158626
  1.25693214]","[ 0.86738731 -0.22083269  0.15366687  0.41863907 -0.19477222  0.49216104
  0.87935357]","[ 0.20063614  0.39353838 -0.49035916  0.75127929 -0.1595278  -0.01613137
  1.12174462]","[-0.16252161 -0.41654247  0.72797127 -0.51974698 -0.18781786  0.76497677
  1.19618241]","[ 0.6327735  -0.67893554 -0.03896011  0.37030573 -0.28003389  0.74702846
  1.26405362]","[ 0.51958388 -0.22416034  0.42348977 -0.70741865  0.01543137  0.50257068
  0.8900116 ]","[ 0.77352204  0.02853625 -0.49541754 -0.39422175  0.50474648  0.26500662
  1.22418299]","[-0.45906533  0.79617108 -0.01426664 -0.39391256 -0.07214117  0.69581633
  1.18247587]","[ 0.14018367 -0.09483272 -0.59051349  0.78908118 -0.29193178  0.26815651
  0.917617  ]","[ 0.83607069  0.1709688  -0.20980161  0.47721981 -0.16267907  0.77357684
  1.24734076]","[ 0.88547882 -0.24512114  0.2073299  -0.33594226  0.04596243  0.7623957
  1.65350667]","[ 0.09208511 -0.56103547  0.36201533  0.7387181   0.26608306  0.03876792
  1.67189236]","[ 0.26899327 -0.11691036  0.87875447  0.37651716  0.14829277  0.79950715
  1.81345556]","[-0.17523587  0.62918299 -0.54785741  0.52275559  0.39125844  0.33016093
  1.34152348]","[ 0.5507233  -0.18797501 -0.49488137 -0.64533841  0.4409565   0.07979397
  1.34467903]","[ 0.66958203  0.02935134 -0.45840992 -0.58365979  0.25930676  0.57100493
  1.45936751]","[ 0.84591991  0.37944622  0.01397922  0.37449253  0.0922603   0.58300149
  1.49017953]","[ 0.7730992   0.50879368  0.32128452 -0.20055639  0.38984769  0.64126095
  1.44821915]","[-0.29605412 -0.15089919  0.62668096  0.70487756 -0.11407264  0.71437922
  1.34633106]","[ 0.13290415 -0.40138365 -0.23250538  0.87588179 -0.12677217  0.43693087
  1.54516128]","[-0.35092271  0.53902613  0.08935429  0.76047347 -0.00300217  0.48077189
  1.15677298]","[ 0.71504091 -0.51665705 -0.36910823  0.2924741  -0.13080501  0.70798555
  1.0268979 ]","[ 0.93420275 -0.3069781  -0.01681394 -0.1809612  -0.0116112   0.8154055
  1.64305202]","[ 0.31553972  0.70080585  0.639515   -0.01806684  0.59019109  0.52059591
  1.25422379]","[ 0.61887005  0.698871    0.3270249  -0.14708468  0.35913913  0.4824331
  1.47421292]","[ 0.47810045 -0.13690897  0.8566475   0.13722597 -0.22126598  0.89133477
  1.49600811]","[ 0.15686952  0.16502458  0.77165242 -0.5938951   0.15414707  0.79417622
  1.50663236]","[-0.46302546 -0.3196751   0.67415496 -0.47846666 -0.17059866  0.86245828
  1.50192791]","[ 0.606274   -0.70275027 -0.02199704  0.37160466  0.14183933  0.77138833
  1.32644301]","[ 0.64577495  0.19894987 -0.44085555 -0.5907961   0.24198855  0.11299708
  1.87971605]","[ 0.54646677 -0.28126621  0.70484179  0.35420537 -0.1692664   0.82659477
  1.47391592]","[ 0.3063566  -0.32432178  0.83976867  0.30943433 -0.38892082  0.63438274
  1.31455302]","[-0.41888165  0.47151546 -0.54118658  0.55617302  0.31418271  0.38928553
  0.92076964]","[ 0.72014452 -0.31623886  0.2613883   0.55951855  0.06821202  0.41039
  1.07106663]","[-0.39568141  0.41402007  0.818722   -0.0414474   0.327133    0.58960405
  1.45991215]","[ 0.80832442 -0.1801822   0.22573677 -0.51301942  0.0156411   0.54483987
  1.65860567]","[ 0.76024536  0.22238026  0.09989252 -0.60215903  0.4987852   0.06093844
  1.53035475]","[ 0.45078621 -0.14854383  0.69814109 -0.53602756  0.13509376  0.82146379
  1.44762539]","[ 0.47789611  0.82933043  0.28082006 -0.07047289  0.38268597  0.21464753
  1.34830238]","[ 0.70039536 -0.37573356  0.12737287 -0.5933353   0.24720604  0.60486044
  1.20752859]","[-0.45212194  0.05178241 -0.24878109  0.85499258  0.29196501  0.62096635
  1.18546339]","[-0.2917018   0.72450605  0.60854494  0.1402644   0.32901366  0.43760964
  1.00793483]","[ 0.2570138   0.49731304 -0.26277673  0.78585752 -0.06582217  0.43813398
  1.57168029]","[ 0.40206189 -0.09922587  0.89134807 -0.18438841 -0.39197147  0.57453257
  1.47072682]","[-0.32531052  0.20226503  0.92290513  0.03883352 -0.14971668  0.87734777
  1.24274964]","[ 0.02650973  0.39422175 -0.54578267  0.73892335 -0.47017635  0.10746474
  1.64604171]","[ 0.71290345 -0.49162647  0.05502099 -0.49703598 -0.06166867  0.51085006
  0.97096208]","[ 0.51921915 -0.80707437  0.11075022  0.25841211 -0.13398226  0.66076444
  1.17033393]","[ 0.51116882 -0.8223314   0.2354636   0.08387132 -0.10236031  0.33141214
  1.74575906]","[ 0.89264441  0.29447243 -0.33963422  0.03347443  0.29491384  0.6361965
  1.89592555]","[-0.07281078 -0.65660049  0.72421007 -0.19772245 -0.37048273  0.15621008
  1.15317681]","[ 0.11740351  0.68555509  0.0561133   0.71629738  0.2599837   0.29473637
  1.79087248]","[ 0.60460276 -0.41326903  0.68077296 -0.01457362 -0.11612235  0.62279214
  1.00972643]","[-0.30988857  0.23633778 -0.56379507  0.72818174 -0.03098277  0.80322641
  1.24469988]","[ 0.56848336  0.68471852 -0.15189499  0.43001758  0.11773926 -0.05424217
  1.25469306]","[ 0.1406766  -0.13232606  0.89713661  0.39729814 -0.12533169  0.25455671
  1.95729907]"
