"[ 0.863163    0.10803629  0.48839885  0.06887931 -0.04510584  0.25956014
  0.48838351]","[ 0.65620898  0.12817407 -0.72688081  0.15686127  0.77167465  0.44655115
  0.71689095]","[ 0.80816438  0.03074167 -0.58645319 -0.04469831  0.74418027  0.4934818
  0.65797937]","[ 0.9095293  -0.0766219   0.40808628 -0.01873829  0.15318875  0.07653178
  0.48463047]","[ 0.67141814  0.40381667 -0.62131547  0.00984176  0.78299801  0.40943754
  0.7765835 ]","[ 0.93006178  0.21864749 -0.10857997  0.27457013 -0.23576416  0.29489098
  0.13527863]","[ 0.62865733 -0.09666953 -0.73728573  0.2277163   0.75637205  0.16448337
  0.69801038]","[ 0.67084991 -0.04996387 -0.73990497 -0.00215544  0.83949555 -0.16779837
  0.94817531]","[ 0.92554623  0.12222104  0.06967528  0.35152745 -0.29905336  0.61393512
  0.23234073]","[ 0.86771475 -0.06455595  0.48993833 -0.05351697 -0.2646653  -0.08929652
  0.55260133]","[-0.47643845 -0.12927928  0.76210668 -0.4189113   0.76051461  0.46901763
  1.16360879]","[ 0.83553047  0.22816325  0.48913847  0.10282955 -0.28813448  0.27059808
  0.33626498]","[ 0.92721619 -0.20081114  0.13600862  0.28538865  0.31339392 -0.02161856
  0.22375251]","[ 0.88756292  0.29585365 -0.3521379   0.02648745  0.31700799  0.40359992
  0.13599027]","[ 0.97611173  0.21559664  0.01208753  0.02403903  0.23779008  0.51775313
  0.27565592]","[ 0.2100605  -0.09666688  0.91711163  0.32470966 -0.373109   -0.05421569
  0.93594473]","[ 0.74529905  0.20540824  0.6308333   0.06622787 -0.1146266   0.34426159
  0.3196827 ]","[ 0.95131763  0.04487939 -0.08953057  0.29148737  0.04091303  0.04310122
  0.04631635]","[ 0.81044548  0.09578105  0.57032519  0.09345208 -0.51139293  0.32422183
  0.49316392]","[ 0.44080343 -0.17867522  0.81470953  0.33168642 -0.50889056 -0.12974394
  0.80757333]","[ 0.90288665 -0.26023516 -0.12197087  0.31968183  0.44300701  0.04833988
  0.35566547]","[ 0.95325483 -0.04498211 -0.02537538  0.29772123  0.15581597  0.41644719
  0.08258458]","[ 0.83790218  0.14209234  0.33762718  0.40464502  0.16320285  0.46670886
  0.63177129]","[ 0.95175503  0.04763312  0.30251947  0.01937557  0.10609495  0.16023857
  0.47591666]","[ 0.87539478  0.11992817  0.4277498   0.19060776 -0.22625696  0.3190752
  0.58715395]","[ 0.83418073 -0.19259442  0.51171374  0.0721037   0.11925964  0.07086187
  0.57827474]","[ 0.50429099 -0.0128359   0.74998714  0.42783774 -0.58591923  0.07541047
  0.69705699]","[ 0.77407361 -0.25964388 -0.56013067 -0.14017396  0.48199617 -0.15270771
  0.22822255]","[ 0.76653183 -0.01817291  0.5776542   0.28002558 -0.25983552  0.15995487
  0.15989505]","[ 0.82269237  0.18217907 -0.53097407  0.08974739  0.54734923  0.28868995
  0.26341824]","[ 0.91362036  0.14026045  0.35138894  0.14883099 -0.15736091  0.2928656
  0.26613086]","[ 0.98834138  0.08490029  0.11731032 -0.047027    0.40209396 -0.01479912
  0.28732858]","[ 0.94361454  0.07596631  0.32093046 -0.0287116  -0.18222508  0.00312294
  0.10179566]","[ 0.96144868 -0.09621942  0.23539644 -0.10462685 -0.03694075  0.09398101
  0.39644713]","[ 0.97854676  0.1779772   0.03091955  0.09906733  0.58702251  0.28885508
  0.49350462]","[ 0.92396676  0.22820435  0.30434466 -0.03978094 -0.28564054  0.15808811
  0.15228708]","[ 0.88225966  0.23551368 -0.39210018  0.11139411  0.46864363  0.27754752
  0.22898081]","[ 0.91230226 -0.33163695 -0.18972722  0.14739439  0.60589176  0.14269607
  0.30311549]","[ 0.70632733  0.55965152 -0.40912026  0.14322185  0.58102742  0.71585299
  0.62429182]","[ 0.86728473 -0.34869347  0.32605624  0.14112897 -0.29904172 -0.22758186
  0.165644  ]","[ 0.67189748 -0.15056822  0.72094619 -0.07822773 -0.34109455 -0.17285771
  0.49942666]","[ 0.96799722  0.04899033  0.00962786  0.24594437  0.29328041  0.17255629
  0.22555428]","[ 0.6593581  -0.15903815  0.73029536 -0.08137844 -0.3405089  -0.15363573
  0.64092429]","[ 0.93567263  0.26810891 -0.21815448 -0.07101386  0.50604782  0.39149058
  0.33181002]","[ 0.64505163 -0.13881286 -0.73437755  0.15915087  0.84112412  0.1141328
  1.22260104]","[ 0.86053472 -0.2990633  -0.40619921  0.07101641  0.65324152 -0.06425639
  0.38158253]","[ 0.88189439  0.29354156 -0.3116139  -0.19746498  0.52390588  0.46153896
  0.28926975]","[ 0.74455212  0.01350105  0.64905218  0.15553498 -0.12284006  0.12931507
  0.47710957]","[ 0.98161545 -0.03404317  0.18423066 -0.03648623 -0.20533709  0.1534959
  0.27602802]","[ 0.96792719  0.0026764  -0.10195034  0.22959949  0.55383873  0.09239107
  0.39886809]","[ 0.89877033  0.02138814 -0.41512614  0.13937261  0.46320231  0.35993837
  0.20601348]","[ 0.91192749  0.12042203 -0.33191308 -0.20909444  0.50361777  0.38280515
  0.23556794]","[ 0.85939828  0.3423961   0.14391252  0.35140958  0.2114218   0.64092562
  0.65349418]","[ 0.74169463 -0.13634826  0.62996099  0.18560006 -0.18163348  0.01854426
  0.36951209]","[ 0.96711871 -0.02688908  0.06151832  0.24530364 -0.26665882 -0.15228047
  0.16745549]","[ 0.88279475 -0.01548096 -0.45114174  0.13001881  0.69196113  0.11616301
  0.51228589]","[ 0.97320649  0.14727864  0.16499441 -0.06288854 -0.2251214   0.43649479
  0.34616842]","[ 0.99012528  0.00487055  0.05074569 -0.13058747  0.0418599   0.03034314
  0.07288532]","[ 0.38649748  0.0346772   0.89975011 -0.19966703 -0.31622121  0.09757991
  0.72275613]","[ 0.94646665 -0.11719866 -0.20469614  0.22037432  0.42270336  0.25489182
  0.6201262 ]","[ 0.9300821   0.24660152 -0.26930106 -0.04014866 -0.00344184  0.35189513
  0.0943875 ]","[ 0.66131379 -0.13282684  0.73787552 -0.0236815  -0.09833084  0.00761011
  0.55457194]","[ 0.9306507  -0.2523537   0.22980498  0.13189603  0.08802664  0.08350586
  0.01617842]","[ 0.8992202   0.1169899   0.41568799  0.07014196 -0.25077772  0.40512517
  0.11355163]","[ 0.9117667  -0.24434358 -0.32159919 -0.07450938  0.81362801  0.06944407
  0.90781844]","[ 0.59946467 -0.46340816  0.63996436  0.12783035 -0.32032183 -0.23275344
  0.8161525 ]","[ 0.52511106 -0.2644374   0.76692742  0.25720336 -0.39226348 -0.17348231
  0.83883865]","[ 0.29440104  0.11967495  0.87877254  0.35604039 -0.45967516  0.12346221
  0.88969996]","[-0.49269326 -0.1555208   0.85606841 -0.01461212  0.85339099  0.11549917
  1.08831445]","[ 0.86587208  0.09265157  0.49036989  0.03490839 -0.40900019  0.06626222
  0.48911672]","[ 0.98179029 -0.12072016 -0.11399186 -0.09230566  0.71145271 -0.0934696
  0.53258325]","[ 0.63091708 -0.31822074  0.68093005  0.19238884 -0.2057196  -0.13213152
  0.65868365]","[ 0.87150743  0.13851969 -0.37575206  0.283015    0.53637364  0.60219147
  0.50767578]","[ 0.87130868  0.21886959 -0.39260557  0.19692169  0.49274913  0.7173096
  0.47736865]","[ 0.9070675  -0.0506268   0.39482429  0.1370374  -0.03054987  0.18521698
  0.42636852]","[ 0.70292933  0.03692639  0.69218883 -0.15937824 -0.38756571  0.08406651
  0.52980079]","[ 0.93380803  0.35529341 -0.02052707 -0.03671218  0.37524988  0.17591417
  0.59087921]","[ 0.57452705  0.04772921  0.75301504  0.31718914 -0.31752569  0.27994201
  0.469318  ]","[ 0.71396379 -0.0613156   0.67829049 -0.16253652 -0.34112292 -0.11520778
  0.53775351]","[ 0.85168443  0.47569129 -0.10095408  0.19534506 -0.2496859   0.67861759
  0.29684307]","[ 0.93918411  0.28933488  0.1810166  -0.03809882  0.09624453  0.21657065
  0.39598005]","[ 0.93544562  0.02754395 -0.29365492  0.19480657  0.48324935  0.19021667
  0.18802784]","[ 0.91628653  0.36584215 -0.13598125 -0.08993121  0.29136207  0.35682326
  0.14210986]","[ 0.93704512  0.05426672 -0.25351261  0.23395069  0.49897584  0.55983951
  0.65517261]","[ 0.71601094  0.16216196 -0.67447777 -0.0781765   0.71579486  0.19005418
  0.56338629]","[ 0.99533638 -0.01351028 -0.0415181  -0.08601861  0.07499225  0.18470245
  0.16364005]","[ 0.80114369 -0.26973987  0.52265613  0.11063341  0.10569135  0.02192381
  0.53584   ]","[ 0.64928462  0.07888361 -0.63054552  0.41787462  0.59633513  0.20901675
  0.30197797]","[ 0.89983453 -0.24448008 -0.287328    0.21902039  0.33857993  0.09060897
  0.12998807]","[ 0.71436566  0.48510287 -0.49452758  0.09899185  0.28310503  0.61799066
  0.28218613]","[ 0.68252605  0.05959114  0.71137676  0.15668501 -0.36759402  0.20769096
  0.36545469]","[ 0.98563496 -0.16713805 -0.02262488  0.0087588   0.34086149  0.02682741
  0.58360055]","[ 0.8782358  -0.10375815 -0.46197386 -0.06720328  0.50507897 -0.18170167
  0.23095143]","[ 0.92818262  0.25451632  0.26900963  0.03650042 -0.21832318  0.29151615
  0.44354014]","[ 0.93377152 -0.09915545  0.30484806  0.15908048 -0.46740942  0.09906004
  0.18677279]","[ 0.77659366 -0.00887699  0.37249339  0.50800804 -0.37218027  0.40507415
  0.26797753]","[ 0.78342032  0.00341606  0.61998637 -0.04310253  0.0255488   0.07444628
  0.43105477]","[ 0.23630748 -0.29322417  0.90463733  0.19952358 -0.42978383 -0.24997581
  0.83093983]","[ 0.71973614 -0.35275087  0.5975246   0.02260658 -0.03481943 -0.09993717
  0.56521655]","[ 0.7648133   0.52742513  0.25526649  0.26781032  0.02776137  0.47656508
  0.64486136]","[ 0.76643995  0.25404693  0.58949892  0.02282483 -0.36029648  0.24369651
  0.29836898]","[ 0.39321577  0.01592495  0.8838386   0.25289737 -0.38130866  0.0163551
  0.824707  ]","[ 0.77818383  0.42757382  0.37508486  0.26631166  0.02623126  0.57168164
  0.51729836]","[ 0.537467    0.50885343 -0.66141688  0.12134708  0.69916643  0.56022028
  1.21910211]","[ 0.80945344  0.04002441  0.43703139  0.39011119 -0.46723036  0.07924427
  0.24005711]","[ 0.69751533  0.1456348   0.64266892 -0.28149518 -0.1462051   0.09976432
  0.56419448]","[ 0.57405535 -0.02740547  0.74919723  0.32926114 -0.46281101  0.01292223
  0.59960796]","[ 0.99027378 -0.13251619 -0.02168827 -0.03642687 -0.28921668  0.26239706
  0.13309062]","[ 0.92193345  0.15387358 -0.35542533  0.00587109  0.78682789  0.37673395
  0.83483994]","[ 0.7593923   0.3310916  -0.51882779 -0.21099626  0.73841604  0.13885395
  0.69903492]","[ 0.77786333  0.53757302  0.13173753  0.29763925  0.02840977  0.54179784
  0.59836982]","[ 0.72011755 -0.05512234 -0.69108804 -0.02809926  0.83112398 -0.07416468
  0.94101135]","[ 0.74229719 -0.0232487   0.60181172  0.29372953 -0.57416239  0.22739986
  0.5135735 ]","[ 0.90624027  0.03565976  0.41941966 -0.03929518 -0.077081   -0.04564913
  0.34862474]","[ 0.85629429 -0.25441884  0.44164357  0.08355891 -0.26315324 -0.26549499
  0.58908741]","[ 0.82722286  0.39916901  0.37256661  0.13251624 -0.580034    0.51382625
  0.48901882]","[ 0.91386414  0.08705282 -0.2130198   0.33450964  0.12786196 -0.15118455
  0.12458858]","[ 0.86335222  0.40455228 -0.26648806  0.14122504  0.34853478  0.76354428
  0.40502441]","[ 0.65303738  0.00249209 -0.67605655 -0.3412968   0.87350443  0.11067969
  0.80582169]","[ 0.64690117  0.46886648 -0.60127881 -0.01212006  0.84587064  0.09049189
  1.17319192]","[ 0.98725816 -0.14695347  0.00873609 -0.06041262 -0.09407288  0.21795902
  0.17362173]","[  7.71050003e-01   2.38925933e-01   5.71032850e-01  -1.49391351e-01
  -4.53578886e-04   1.95819030e-01   3.34194186e-01]","[ 0.9610565  -0.12520498 -0.12287267 -0.21353321  0.44971431  0.00246339
  0.62933492]","[ 0.62012927 -0.07188521 -0.77871263 -0.06228039  0.82670168  0.33836743
  1.10277123]","[ 0.82724481  0.17590857  0.43264233  0.31231843 -0.08103829  0.53980576
  0.30359008]","[ 0.74709563  0.20136205  0.6009571   0.20037966 -0.38419687  0.24363492
  0.36951984]","[ 0.59183839  0.37749579 -0.68482829 -0.19553634  0.71606625  0.52083351
  0.8834315 ]","[ 0.76067363 -0.13102635  0.58247717  0.25480988 -0.44482669 -0.05886304
  0.18474532]","[ 0.7415704  -0.05597982  0.65153724  0.14979593 -0.06489766  0.12128231
  0.54540169]","[ 0.88574715  0.11556163 -0.37427604 -0.24902799  0.50422297  0.12305226
  0.69106267]","[ 0.38215335 -0.02704831  0.90981731 -0.15956085 -0.40022917  0.04595
  0.70712114]","[ 0.76975319 -0.38429091  0.50635859  0.05832237 -0.03194437 -0.15826213
  0.4178812 ]","[ 0.72727674 -0.17717211 -0.65706487  0.08913107  0.6430076   0.26196746
  0.70481035]","[ 0.66635946  0.11670312  0.71275831 -0.1852594  -0.26099784  0.13948248
  0.47297088]","[ 0.92084839 -0.2758753   0.2517558   0.1120271   0.0624973  -0.08891743
  0.12714169]","[ 0.71346485 -0.2547335  -0.62969829 -0.17192676  0.71671113 -0.1496242
  0.5297282 ]","[ 0.61950354 -0.19236477  0.75000488 -0.12924334 -0.43926604  0.13940223
  0.84245994]","[ 0.94017269  0.19571873  0.23883502  0.14396989  0.19534726  0.30785673
  0.62717575]","[ 0.82642337  0.18269775 -0.51527471 -0.13467709  0.5520607   0.46521796
  0.49674279]","[ 0.87986769  0.15082282  0.37274335  0.253274    0.14348437  0.29656521
  0.64801156]","[ 0.55662796 -0.14878226 -0.80723358  0.1280746   0.83727571 -0.08358636
  1.12434643]","[ 0.86403879  0.42960716 -0.02527212  0.26122017 -0.0152369   0.58324545
  0.1821485 ]","[ 0.54050629  0.11037874  0.83406739  0.00103334 -0.29431876  0.17577799
  0.55795901]","[ 0.89808522  0.405865    0.01208441  0.16902814 -0.27982675  0.46776948
  0.3088764 ]","[ 0.95309634  0.28146134 -0.05381147  0.09742282  0.32527283  0.664172
  0.4219452 ]","[ 0.94819817  0.25233507  0.17614711  0.0788634  -0.11069456  0.67319268
  0.22119929]","[ 0.62430328  0.02064658  0.76421755  0.16059473 -0.59659548  0.21768336
  0.56077012]","[  9.07144116e-01  -3.23253394e-02   4.18929948e-01   2.32878382e-02
  -8.09443130e-02   5.76671769e-04   3.84064126e-01]","[ 0.68119167  0.12228016  0.6411719   0.33154799 -0.1930342   0.31472688
  0.61949334]","[ 0.83145006 -0.28001645  0.47975433 -0.01083411 -0.52409516 -0.27713113
  0.46269642]","[ 0.91939162  0.36863265  0.13438372  0.02774959 -0.36778021  0.40607706
  0.20896521]","[ 0.70660017 -0.39462968  0.57999654  0.09266948 -0.39915956 -0.46045163
  0.51642055]","[ 0.93877575  0.07455724 -0.17710838  0.28596141  0.51663814  0.15088062
  0.47394671]","[ 0.97891352 -0.16494868  0.11834673 -0.0226781   0.52551901  0.02316263
  0.55647942]","[ 0.52528551 -0.15484948  0.76941726  0.32877629 -0.40250865  0.00112189
  0.75309414]","[ 0.98148596  0.12534773  0.03734832  0.13992267  0.04965873  0.61577613
  0.20959705]","[ 0.81496076  0.34798854  0.38258147  0.2614849   0.10921607  0.42052161
  0.64271768]","[ 0.84638778 -0.32220093  0.41097718 -0.10446071 -0.04554125 -0.12514587
  0.44185917]","[ 0.99278812  0.0756178  -0.04031623  0.08383496  0.12450251  0.20444255
  0.40774527]","[ 0.25799602 -0.41064653  0.8498053   0.20649075 -0.31850786 -0.26503158
  0.73530756]","[ 0.8231916   0.50623596  0.2566099   0.01523485  0.15643079  0.52207229
  0.45979808]","[ 0.92297919  0.18409305 -0.32756046  0.08320647  0.5624276   0.1143521
  0.24414354]","[ 0.86651352 -0.2494612  -0.3446576   0.26102599  0.5912295   0.4503061
  0.74867354]","[-0.46344818 -0.03868366  0.78508191  0.4091036   0.8431917   0.18190295
  0.80832731]","[ 0.72557982 -0.12403036  0.46213683  0.49455024 -0.12329615  0.27472427
  0.43065734]","[ 0.9710808  -0.19587985 -0.03458537  0.13204928  0.30378711  0.14961474
  0.53761381]","[ 0.84805816 -0.2209357   0.47409769 -0.084948   -0.64800301 -0.06775354
  0.39689021]","[ 0.7380557   0.40838297 -0.44945708  0.29408411  0.68328164  0.59045114
  0.69611415]","[ 0.96469404  0.23366499 -0.11778869  0.0298649  -0.39888835  0.49779371
  0.25059949]","[ 0.24573692 -0.26113253  0.89433174 -0.26757038 -0.30147889 -0.09363296
  0.82185383]","[ 0.99322727  0.09800686 -0.06147085  0.01075047  0.50628638  0.37785677
  0.30032687]","[ 0.98828303  0.02840639  0.13316219  0.0689751  -0.4586924   0.19946823
  0.22838404]","[ 0.96855837  0.05358622 -0.09663986  0.22289895  0.22502788  0.55395679
  0.15648245]","[ 0.98505975  0.10763569 -0.03058072 -0.13090711  0.15607397 -0.03167526
  0.43228998]","[ 0.95369081  0.2134586  -0.16847186  0.12855543  0.22010048  0.41138027
  0.18139708]","[ 0.99504924 -0.07562615 -0.05397741 -0.03527225  0.63399018  0.24351968
  0.31059002]","[ 0.97398142  0.08980633 -0.07082417  0.19565007  0.03902789  0.45264563
  0.16785561]","[ 0.7738941   0.32733    -0.53509517 -0.08727062  0.6203768   0.30134035
  0.33076453]","[ 0.87783528  0.36897295 -0.29201979 -0.08937914  0.75792187  0.23662576
  0.44101579]","[ 0.82608531  0.40413799  0.28040276  0.27500882 -0.47024393  0.2154178
  0.32139493]","[ 0.85905606 -0.06572015  0.5068114  -0.02908193  0.13261989  0.07234272
  0.5906983 ]","[ 0.82589094 -0.25366816  0.47783464 -0.15884168 -0.46352103  0.06818917
  0.53537524]","[ 0.65485734 -0.19309656 -0.72005786  0.12406552  0.74571195  0.02373818
  0.56685182]","[ 0.91209451  0.31329692 -0.0855616   0.25021564  0.45548427  0.54754656
  0.62897237]","[ 0.86587606 -0.1938713  -0.4605474  -0.02384639  0.46553118 -0.30425591
  0.27424523]","[ 0.90147146  0.23082809 -0.36591354 -0.01322458  0.41435025  0.61193383
  0.64284879]","[ 0.77463797  0.27986281  0.4441871   0.35257714 -0.42771267  0.38769141
  0.29676936]","[ 0.95053668  0.18211029 -0.25094587 -0.01849435  0.31043379  0.23381973
  0.63521497]","[ 0.92565877  0.11130617  0.35857075 -0.046838    0.00101371  0.17789048
  0.41552537]","[ 0.60167786  0.14484002 -0.71145217  0.3329278   0.83102054  0.37242044
  0.98508721]","[ 0.89516906  0.32013856  0.26582814  0.15974684  0.26699439  0.35700835
  0.65832924]","[ 0.92756994  0.31772977 -0.16472417  0.10736738  0.19198665  0.69000428
  0.26015215]","[ 0.95725602 -0.28060441  0.06865134 -0.01445946 -0.42149491 -0.08843829
  0.1754642 ]","[ 0.83259128  0.45995679  0.29938912  0.07481759  0.04765346  0.52073561
  0.33804258]","[ 0.92121501  0.33746361 -0.11342935  0.15689167  0.24407463  0.2939823
  0.38685768]","[ 0.96418471 -0.04955505 -0.23356238  0.11550223  0.36813918  0.19831182
  0.25008281]","[ 0.87993721  0.03302352  0.3477396   0.32202039 -0.05077057  0.31823265
  0.46539937]","[ 0.95964959 -0.09986719  0.10967427  0.23889486 -0.11286321 -0.15374291
  0.21000606]","[ 0.80309596 -0.0894556  -0.5867077   0.05299674  0.65264114 -0.03977334
  0.41655742]","[ 0.77205776 -0.04823249  0.61987493 -0.13174029 -0.45856875  0.04863704
  0.61289955]","[ 0.60742141 -0.01246123 -0.75746165  0.23903097  0.83118785  0.22160541
  1.09048614]","[ 0.68902339  0.37597631  0.61443623  0.07972894 -0.17842126  0.47091778
  0.43043138]","[ 0.89932536  0.08699637  0.29027959  0.31525115 -0.42455512 -0.14464101
  0.36332437]","[ 0.95493691  0.12658037  0.00476072  0.26842175 -0.30460108  0.40356561
  0.18233348]","[ 0.67911105  0.12325232  0.66816335  0.27780349 -0.46953334  0.27425214
  0.35990824]","[ 0.9823641   0.15526474 -0.06162109 -0.0840029   0.495137    0.00573393
  0.37936131]","[ 0.96138418  0.20478029 -0.17886778  0.04256542  0.73718763  0.34634709
  0.5250588 ]","[ 0.68261793  0.14209095 -0.62097034  0.35810441  0.76835868  0.26708387
  0.53742526]","[ 0.92698343  0.22175263  0.24196628  0.18160343  0.30810626  0.32719922
  0.66721428]","[ 0.89195965  0.14159746  0.29300108  0.31386065  0.10528695  0.48633206
  0.21226845]","[-0.30811101  0.07110698  0.93925985 -0.13342541  0.75574254 -0.15628579
  1.21862294]","[ 0.96197191  0.0524234   0.25867739  0.0703409  -0.14364198  0.18002826
  0.37992996]","[ 0.77654552  0.12495335  0.56963945  0.238484   -0.14157944  0.28890189
  0.50720996]","[ 0.90771758 -0.30237414  0.27796886 -0.08574376  0.22331642 -0.10690974
  0.48308086]","[ 0.96178937 -0.14563784  0.23156878  0.01125706  0.37570543  0.03635037
  0.58962701]","[ 0.92188148  0.33355468 -0.14614596 -0.13235241  0.2670123   0.53326673
  0.18242543]","[ 0.87900265  0.14688624  0.25689145  0.37387908 -0.02943055  0.59668231
  0.20254941]","[ 0.87563729 -0.31335816  0.17682144  0.32218036 -0.15987543 -0.10958216
  0.37221108]","[ 0.68029543 -0.15047441  0.69524559  0.17660449 -0.32113845 -0.01818268
  0.69554875]","[ 0.98263772  0.08566669 -0.15696437 -0.04946221  0.63860053  0.14710497
  0.67227334]","[ 0.42696418 -0.09091199  0.7200321   0.53943524 -0.55502578 -0.07597163
  0.61386171]","[ 0.95004267 -0.08882508  0.06226824  0.29266312 -0.02281065 -0.27973897
  0.1017185 ]","[ 0.51548447 -0.27206983  0.81101303 -0.05011624 -0.49522752 -0.17549108
  0.69213802]","[ 0.97782557  0.05285594 -0.10818937  0.17134311  0.1400242   0.4665063
  0.09536129]","[ 0.95935517 -0.24255329  0.13330283  0.05509904 -0.38306595 -0.28507042
  0.36528329]","[ 0.6763993   0.00415103  0.65465323  0.33748469 -0.5200971   0.32364491
  0.34191911]","[ 0.92409485 -0.00533403  0.26302778  0.27719425  0.06736817  0.1617627
  0.5098108 ]","[ 0.97683063  0.00664171 -0.16666136  0.1340962   0.4401596   0.37293282
  0.18289969]","[ 0.80635572  0.07094969 -0.58530571  0.04662431  0.88308337  0.1651813
  1.05016773]","[ 0.96455487  0.1672618   0.20046197 -0.03837168 -0.13925945  0.2821501
  0.3407857 ]","[ 0.72678993  0.30792508 -0.6122159  -0.04637067  0.6791422   0.38046266
  0.5757769 ]","[ 0.74961501  0.06602536 -0.61369716 -0.23894306  0.80204702  0.18601716
  0.60126295]","[ 0.93436374  0.1142441  -0.33750645 -0.00144415  0.32915403  0.12869779
  0.20338719]","[ 0.84392387  0.21296706 -0.4686413   0.15103929  0.829162    0.27894901
  0.66547069]","[  9.38704190e-01  -2.80700407e-01  -3.95450312e-04   2.00103897e-01
   2.41905497e-01   6.32552766e-02   4.60927758e-01]","[ 0.99142472  0.11904622  0.04960657  0.02107608  0.49630564  0.06376811
  0.20792008]","[ 0.85227253  0.51996195 -0.01283312  0.05573529  0.065659    0.69685119
  0.30532291]","[ 0.94057876  0.3009193  -0.15725651  0.00543684  0.57108064  0.56238795
  0.44139379]","[ 0.95823838 -0.14196762  0.19628475 -0.15197597  0.41605816 -0.15865417
  0.28913747]","[ 0.70187555  0.17822841 -0.63624093 -0.266088    0.70170642  0.2575339
  0.49448008]","[ 0.75568277 -0.02731592 -0.6120712  -0.2314438   0.8495009   0.11610763
  0.89546377]","[ 0.94963499 -0.05681629  0.09097245  0.29443049  0.28417453  0.28252387
  0.42377106]","[ 0.75195555  0.05207376 -0.62274506  0.20985653  0.79898696  0.05814982
  0.85287283]","[ 0.88281949  0.07451099 -0.32526554  0.33057554  0.42808303  0.21405837
  0.27283369]","[ 0.85219016 -0.08243076 -0.5164848   0.0148511   0.67171276  0.33998362
  0.66677639]","[ 0.98567871  0.0182367  -0.16036847 -0.04885544  0.59346071  0.2230062
  0.55104755]","[ 0.90637417 -0.35987196  0.22057387  0.0180334   0.10817446 -0.32672724
  0.13560002]","[ 0.9447514   0.24020554 -0.1236958   0.18559485  0.25835146  0.38998136
  0.61663272]","[-0.48356415 -0.48719822  0.72675906 -0.02499743  0.70011362  0.62358394
  0.90627345]","[ 0.81952484 -0.13339993  0.54156975 -0.13147509 -0.42073112 -0.13454607
  0.67910947]","[ 0.94740827  0.11894572  0.29222122 -0.05363057 -0.00204572  0.11079053
  0.00638627]","[ 0.89919161  0.02714304 -0.42899873  0.08171774  0.71399316  0.19931835
  0.37026636]","[ 0.91856021  0.00984417 -0.39260634 -0.04483856  0.83463816  0.31845343
  0.82967791]","[ 0.95894556  0.26277768  0.0042392   0.10655198 -0.06702617  0.44709692
  0.14772414]","[ 0.90709723 -0.21033095 -0.22138646  0.2896956   0.64022455  0.45765646
  0.7889229 ]","[ 0.81677844 -0.02904715 -0.52822183  0.23024107  0.74777301 -0.08094756
  0.53855434]","[ 0.92131203  0.17402812 -0.23522636  0.25606037  0.35312023  0.30959469
  0.43108721]","[ 0.73269601  0.03623414 -0.60387442  0.31173601  0.64336634  0.30045619
  0.50449219]","[ 0.87668427  0.45063585  0.05818077 -0.15800954  0.16389269  0.26803894
  0.50654185]","[ 0.89304678 -0.23381089  0.38353972  0.02640454 -0.38120839 -0.17606488
  0.48671977]","[ 0.83116116  0.12344131  0.50701731 -0.19200734 -0.44121004  0.04390369
  0.13223477]","[ 0.9358228   0.061789    0.32047803  0.13308507 -0.0243932   0.07230821
  0.38277077]","[ 0.70710712 -0.16589265  0.65022898  0.22289331 -0.48328531  0.0234601
  0.29614626]","[ 0.96121973  0.19229846  0.11856199  0.15818022 -0.01230927  0.07014275
  0.01856819]","[ 0.92261473 -0.05789564 -0.0828781   0.37223834  0.24591084  0.36872491
  0.27107495]","[ 0.9958087  -0.003393   -0.09138633  0.00143135  0.4293389   0.24655249
  0.37012465]","[ 0.78086409 -0.02085639 -0.61893799  0.08204912  0.59259085  0.46506466
  0.61381688]","[ 0.46362583  0.2168809   0.85882408  0.02085592 -0.51819692  0.30198678
  0.54887676]","[ 0.87995676 -0.28882136  0.36828201 -0.08140448 -0.15366442 -0.11785495
  0.44221858]","[ 0.94787148 -0.17924696 -0.19897613 -0.17268091  0.76928991 -0.157785
  0.56954696]","[ 0.76925345  0.09346938  0.60146547  0.19429848 -0.54395331  0.26928508
  0.75965345]","[ 0.94305635  0.10313115 -0.28244439 -0.14224572  0.81024636  0.07853543
  0.77255343]","[ 0.55461958  0.3471712  -0.74786467 -0.11210581  0.66929213  0.62837792
  0.93007799]","[ 0.77182327  0.23101239  0.59237886  0.00306389 -0.28209752  0.39475883
  0.39981884]","[ 0.9674752  -0.07373895 -0.23978494 -0.03251894  0.71121595  0.01683202
  0.76560141]","[ 0.77969121 -0.28321362  0.51555069  0.21466054 -0.11090439 -0.00536436
  0.40177539]","[ 0.82258975 -0.37703163  0.38825902  0.1744941   0.25709938  0.03982861
  0.5158673 ]","[ 0.98620768  0.14413704 -0.08133532 -0.00186984  0.12161569  0.61181062
  0.24482958]","[ 0.97204194 -0.09105058 -0.05267513  0.20992757  0.23776593  0.22377575
  0.42081734]","[ 0.96683014  0.24107054  0.01427032  0.0831915  -0.11161958  0.42164938
  0.29771726]","[ 0.57014364  0.22027227  0.79117968  0.02123844 -0.32386726  0.2343909
  0.5933586 ]","[ 0.70087732  0.32988346 -0.6105328  -0.16491691  0.80263676  0.36712996
  1.00170227]","[ 0.76887593 -0.43094206  0.45791949  0.11588136 -0.28774195 -0.29718044
  0.22648633]","[ 0.90425056  0.14790336  0.33513007  0.21941594 -0.51926985  0.31866727
  0.21976556]","[ 0.88283282  0.4207683  -0.10845376  0.17832004  0.35584114  0.52697892
  0.22616913]","[ 0.98683043  0.12554671  0.08107767 -0.06188819  0.30183292  0.18834296
  0.38080638]","[ 0.90625144  0.14802539 -0.26792826  0.29156691  0.62657133  0.41627874
  0.37592918]","[ 0.57281393 -0.08938437  0.74744648  0.32437386 -0.3730764   0.06376884
  0.44439721]","[ 0.66609024  0.24710595  0.65199261  0.26489259 -0.66433183  0.10935353
  0.74688346]","[ 0.84994339  0.39376512  0.11942243  0.32906466 -0.60887915  0.24369482
  0.28875878]","[ 0.73873966  0.21696023 -0.61841424 -0.15733979  0.6504521   0.51740631
  0.8286493 ]","[ 0.12398154 -0.04614447  0.97599133  0.17303231 -0.40113509  0.05758338
  0.86139428]","[ 0.61214669 -0.04425187 -0.76691111  0.18752478  0.72791771  0.5243451
  1.22205732]","[ 0.56702329 -0.23346452  0.7670441  -0.18873857 -0.17849193 -0.1083757
  0.65287261]","[ 0.97187631 -0.04833769 -0.18077849 -0.14296519  0.47687695  0.21647679
  0.31414506]","[ 0.66872247  0.01229869  0.6686375   0.32493522 -0.19793571  0.25369234
  0.49866303]","[ 0.83520576 -0.19106042 -0.41952163  0.29988141  0.48419899  0.17255479
  0.59318526]","[ 0.7707635  -0.14505244  0.61915529 -0.03911715 -0.00127935 -0.01826234
  0.43804471]","[ 0.99180092 -0.03876688  0.08062333  0.09125752 -0.09149509 -0.12754247
  0.05034018]","[ 0.99691476  0.06886605 -0.02051551  0.03158399  0.1112968  -0.01054179
  0.3537937 ]","[ 0.86257813  0.40467804 -0.29389709  0.0762834   0.69216802  0.31806181
  0.7564608 ]","[ 0.65024901 -0.19149108  0.73365267 -0.04755151 -0.43355616 -0.10366641
  0.67276394]","[ 0.5035765  -0.41916315  0.7395789   0.15406495 -0.22032629 -0.17904136
  0.61122763]","[ 0.88743432 -0.32106827  0.30122827  0.13651751 -0.41391626 -0.19751975
  0.29889223]","[ 0.53838968  0.27045317  0.77230934  0.20132044 -0.4472299   0.14709311
  0.8183416 ]","[ 0.87333051  0.31056512 -0.28640742  0.24251583  0.78544798  0.45927079
  0.69238361]","[ 0.99007505 -0.04733217 -0.06661119 -0.11434168  0.24329666 -0.21080302
  0.10949018]","[ 0.49763185 -0.3342428   0.78023722  0.1785334  -0.32044428 -0.21341142
  0.78580844]","[ 0.79300446  0.47253687 -0.38434381  0.01151834  0.42529094  0.55201971
  0.67784098]","[ 0.93007411  0.10834349  0.07449658  0.34303659  0.29649982  0.38030618
  0.23563667]","[ 0.68033045 -0.3869088   0.61616728  0.08826069 -0.24100622 -0.23198024
  0.61786241]","[ 0.9737125   0.08500387 -0.05746341  0.20336238 -0.01697582  0.19913742
  0.24145446]","[ 0.99352876  0.05623939  0.09736511 -0.01605543 -0.45761182  0.41213195
  0.29126589]","[  8.38907297e-01  -2.45974099e-01   3.99961179e-01   2.75249604e-01
  -1.54723495e-01   4.03996355e-04   7.91780348e-02]","[ 0.50551877  0.23525551 -0.78538116  0.26885321  0.58245139  0.68066522
  1.0354507 ]","[ 0.72630009  0.04898977  0.62047508 -0.2917171  -0.38440302 -0.04560925
  0.28276289]","[ 0.68158085 -0.02928416  0.44911843  0.5769598  -0.58341931 -0.20075615
  0.65958054]","[ 0.58141928  0.4595898  -0.66964894  0.04794921  0.49398764  0.72777636
  0.60256922]","[ 0.88897901 -0.13070014  0.30044612  0.31994674  0.16319728  0.23710768
  0.55820852]","[ 0.71011333  0.32243599 -0.62501738  0.03357627  0.64335805  0.67278091
  0.78333419]","[ 0.96602266 -0.13919691 -0.19612698 -0.09465009  0.39239319 -0.07507284
  0.61900845]","[ 0.9279732   0.04652689  0.17356739  0.3264588  -0.56279048  0.21302124
  0.29421362]","[ 0.54112849 -0.09911447  0.83443988  0.03265535 -0.22170437  0.0298756
  0.521045  ]","[ 0.86034968  0.18854357 -0.3877063   0.27190729  0.13311733  0.0241282
  0.06617165]","[ 0.6091891   0.04472293  0.68925031  0.38964408 -0.36747326  0.15847193
  0.56015388]","[-0.37768838  0.00829651  0.89525904  0.23620735  0.85477602  0.10049233
  0.97878154]","[ 0.91310752 -0.27783193 -0.29327551 -0.05507766  0.75491928 -0.14101174
  0.84143685]","[ 0.97348885  0.13854869  0.17865326  0.03473791  0.4987046   0.20007213
  0.38049505]","[ 0.93667361  0.06353843  0.13785179  0.31559832 -0.16565941  0.07419815
  0.01984493]","[ 0.32399914 -0.14313443  0.92733183 -0.12080051 -0.37236555  0.00119937
  0.8322083 ]","[ 0.93513642  0.33818676 -0.09039783  0.05456943  0.23919475  0.42760184
  0.53852673]","[ 0.93759533  0.02008602 -0.25432165  0.23628806  0.23278233  0.13247265
  0.19575477]","[ 0.8078924  -0.21767726 -0.46714954  0.28582824  0.56634894  0.01961288
  0.22532346]","[ 0.69317733 -0.14730505 -0.6501918  -0.27396537  0.7854603  -0.05261487
  0.58947769]","[ 0.8323642  -0.04205354  0.43392096  0.34221914 -0.04574584  0.20283956
  0.30664984]","[ 0.88704192  0.08938918  0.44417695 -0.08873021 -0.30203     0.2273998
  0.1343874 ]","[ 0.9703918   0.13293899  0.18961975 -0.06863909 -0.3146588   0.18607378
  0.06701197]","[ 0.8269543   0.18063177 -0.51896646  0.11913257  0.46118751  0.61882107
  0.4017718 ]","[ 0.80689948  0.47837653  0.31618092 -0.14177004 -0.00545964  0.46070115
  0.30913985]","[ 0.96175972  0.22319572  0.1470082  -0.05992077 -0.40902877  0.63241671
  0.45898849]","[ 0.44725354  0.15937365  0.87691051 -0.0747815  -0.35395265  0.21707372
  0.66954364]","[ 0.96610022  0.08204266 -0.21677408  0.11370301  0.36737074 -0.06121339
  0.10733806]","[ 0.29268534 -0.03591004  0.95530081 -0.02112183 -0.51177768  0.0478759
  0.77875406]","[ 0.77692126 -0.17548257  0.53342935  0.28469695 -0.18977553  0.04805252
  0.21440745]","[ 0.83269763  0.4095834   0.37086915 -0.03622396 -0.34846136  0.40505162
  0.27011545]","[ 0.91242846 -0.02697022 -0.35091421  0.2088208   0.79634581  0.41279599
  0.72082867]","[ 0.90220085  0.13462097 -0.40800245 -0.03801083  0.2640287   0.05667982
  0.0800192 ]","[ 0.89040741 -0.0621161   0.19617684  0.40599369 -0.39680811  0.08500252
  0.17699055]","[ 0.95590918 -0.17089959 -0.01618115  0.23826277  0.07366054 -0.09802082
  0.24635307]","[ 0.98312528  0.11660225 -0.02891527 -0.13795836  0.03576052  0.59394251
  0.16385412]","[ 0.96636027 -0.20900984 -0.01927351  0.14863126 -0.05963659 -0.02113531
  0.11068196]","[ 0.80299107  0.37559307 -0.35960851  0.29123342  0.62266473  0.50997235
  0.72635153]","[ 0.95314158 -0.28355709 -0.04078411 -0.09722736  0.46999942 -0.16646629
  0.36732713]","[ 0.89572481 -0.34644573  0.14995371  0.23487508 -0.28378711 -0.25037142
  0.20034704]","[ 0.81233746 -0.13673245  0.55601401  0.11072718 -0.55550761 -0.02223002
  0.64078459]","[ 0.82171494 -0.26572711  0.50373851 -0.02052256 -0.19320687 -0.08178225
  0.49992296]","[ 0.92904116  0.01568561  0.29695953  0.22011705 -0.29726858 -0.09515088
  0.34001936]","[ 0.88293839  0.0013608   0.44817073 -0.13986047 -0.23735947  0.01436103
  0.27089781]","[ 0.85401953  0.1615312   0.34301566  0.35622825 -0.46843776  0.15334176
  0.1406957 ]","[ 0.98678932 -0.0801238   0.09040806  0.10795092  0.12379498  0.00707534
  0.03021529]","[ 0.87038097  0.20803135 -0.41965551 -0.15181953  0.65065919  0.36502939
  0.60149318]","[ 0.91628234 -0.37517146  0.13968127 -0.01273524  0.16206469 -0.19163802
  0.15422543]","[ 0.83912511 -0.0466313   0.53873361  0.05882738 -0.33759108 -0.22699005
  0.31879142]","[ 0.83843762  0.18709608 -0.48183391 -0.17278164  0.85732053  0.32773708
  0.80601011]","[ 0.80628443  0.13899159  0.50685613  0.27144727 -0.25994066  0.23321213
  0.62514846]","[ 0.73118975  0.1128235  -0.65655641 -0.14685397  0.87183853  0.02365717
  0.77201129]","[ 0.87258847  0.34121838  0.15021139  0.31558819  0.0608208   0.71404884
  0.40686665]","[ 0.97116299 -0.19832651  0.12914115 -0.02883773 -0.29067383 -0.25459695
  0.1645477 ]","[ 0.93881628  0.03668976  0.06767449  0.33570525  0.34728106  0.10347865
  0.1864828 ]","[ 0.90337406  0.42123783 -0.05576791  0.05799948  0.18130019  0.64634643
  0.29414618]","[ 0.87219271 -0.19701172  0.44769207 -0.00617017 -0.1231198   0.06937179
  0.48461529]","[ 0.96641838  0.14151782 -0.17421505  0.12512928 -0.13135065  0.32202988
  0.07192101]","[ 0.91745329  0.34767875  0.02371982  0.19192791 -0.33328041  0.4715312
  0.29471612]","[ 0.75150453 -0.47410838  0.43345092  0.15027468  0.06663942 -0.12420424
  0.54545876]","[ 0.87222195  0.236222   -0.42160667  0.07533819  0.37600052  0.57551483
  0.40714818]","[ 0.56313858  0.10836742 -0.6928817  -0.43708853  0.8673191  -0.03735747
  1.03395329]","[-0.44915311  0.26401406  0.85273886  0.03734306  0.84505777 -0.01982345
  1.12255731]","[ 0.75037667  0.21183091  0.61498617  0.11770527 -0.38848634  0.46052118
  0.35123332]","[ 0.52959485  0.18912891  0.81945231  0.11071344 -0.22360894  0.26088965
  0.63081731]","[ 0.97148468  0.23664912 -0.00594258 -0.01339402  0.0798234   0.35143603
  0.23516666]","[ 0.95835014 -0.22461695  0.08408169 -0.15505643 -0.10870782 -0.14649589
  0.21674229]","[ 0.65853666 -0.14951167  0.69668293  0.24209217 -0.21433686  0.05830181
  0.5270573 ]","[ 0.58627918 -0.02516122  0.793137    0.16302559 -0.58481232 -0.19951804
  0.61696084]","[ 0.98935657  0.07493259  0.0054791   0.12461406  0.58690566  0.38402846
  0.52963334]","[ 0.92168598 -0.37454266 -0.07971025 -0.06212105  0.18871323 -0.21772274
  0.21332542]","[  9.00308179e-01   5.93081400e-04  -3.69801160e-01  -2.29547235e-01
   5.44542875e-01   1.73011248e-01   3.07101258e-01]","[ 0.89780352  0.40245661  0.16323354 -0.07302274 -0.06079092  0.38223262
  0.24679871]","[ 0.96642165  0.2069819   0.01622857  0.15140779  0.12586451  0.35594626
  0.51465121]","[ 0.95666058 -0.18521801 -0.21183923 -0.07495971  0.77515782 -0.14013289
  0.56031314]","[ 0.95342904  0.00158042 -0.10836363  0.28147449  0.19732965  0.26495476
  0.57641498]","[ 0.81106461  0.16808793  0.55987425  0.02148202 -0.07116579  0.28226621
  0.18177089]","[ 0.96373473 -0.05361093  0.24641542 -0.08729645 -0.13859116 -0.08082829
  0.04882439]","[ 0.92721243 -0.14906381 -0.31992697 -0.12531493  0.39373536 -0.07762285
  0.47081298]","[ 0.74572728 -0.15879459 -0.59912403 -0.24438802  0.84882871 -0.0920077
  1.11335701]","[ 0.98630032 -0.135208    0.0777062  -0.05377931  0.54298457 -0.00663796
  0.51278812]","[ 0.74994778 -0.28823721  0.58850672  0.09031881 -0.25285083 -0.09841668
  0.34958303]","[ 0.87715504 -0.22900223 -0.40859227  0.10587437  0.56611727 -0.13152129
  0.37441871]","[ 0.93956044  0.21762076 -0.04738575  0.26004227 -0.26965316  0.53007515
  0.19332842]","[ 0.74602593  0.16263911 -0.64139241 -0.0748973   0.87960459  0.09511545
  1.03179761]","[ 0.96360692 -0.08035449  0.22599777  0.11802484 -0.10190724 -0.0490314
  0.43652425]","[ 0.67728831 -0.06851142  0.67968086 -0.27316783 -0.64418917  0.09073801
  0.67344854]","[ 0.87028249  0.19883059  0.45042632  0.01381737 -0.12380396  0.33009276
  0.22156507]","[ 0.84296834 -0.17812092 -0.46739915  0.19802868  0.71881009  0.23928826
  0.64098385]","[ 0.75618411  0.3586319   0.5473188  -0.00329873 -0.41527479  0.33848699
  0.63409227]","[ 0.52203707  0.00823033  0.83270235  0.18443522 -0.46807595  0.10005823
  0.68672919]","[ 0.42938887  0.191753    0.85922368  0.20147123 -0.24258934  0.27998598
  0.68122707]","[ 0.67240151 -0.49881189  0.47776145  0.26609568 -0.20907423 -0.1939834
  0.72935108]","[ 0.96423959 -0.19174708  0.16633551  0.07620737  0.09563421 -0.16709129
  0.29829144]","[ 0.77789788 -0.1733835   0.5953976   0.10156157 -0.15482159  0.02022044
  0.49259381]","[ 0.83009616  0.24253622 -0.28350047  0.4144201   0.66678747  0.63099085
  0.76023769]","[ 0.86381474 -0.43703965  0.18001443  0.17439967 -0.12182033 -0.26056577
  0.25581889]","[ 0.82469721 -0.30268005  0.47767839  0.00909124 -0.36457467 -0.36950108
  0.22526811]","[ 0.80060703  0.15468383  0.57879166  0.01007548 -0.2572349   0.27519806
  0.32350904]","[ 0.95776244  0.093011    0.18168208  0.20256279  0.30803295  0.3964871
  0.25505194]","[ 0.87801134 -0.06928182 -0.46461513 -0.091809    0.24225494  0.28433994
  0.09882742]","[ 0.64444808 -0.10365804  0.71547289  0.24907876 -0.58240262  0.10335729
  0.45485946]","[ 0.61674674 -0.056028   -0.78449524  0.03242751  0.79944379 -0.10729258
  1.05451484]","[ 0.98008554  0.07178833  0.02467189  0.18349405  0.00888972  0.43751945
  0.094568  ]","[ 0.81704433  0.08873491 -0.48261173  0.30273849  0.4443055   0.46292295
  0.61292928]","[ 0.60552269  0.07870184  0.79105255 -0.03720418 -0.3206827   0.1662804
  0.48623507]","[ 0.72237421  0.37304898  0.57981009  0.05319978 -0.44481747  0.23977388
  0.62811135]","[ 0.77529221  0.31536056 -0.52456375  0.15589285  0.52242004  0.50641949
  0.56989192]","[ 0.96464497  0.09235291 -0.23953643 -0.0596098   0.30213394  0.02326701
  0.56466627]","[ 0.79600657  0.01389168  0.53562407  0.28158022 -0.44224648 -0.17681055
  0.53380034]","[ 0.63363453 -0.00668393 -0.68705935 -0.35554472  0.84372918  0.13656095
  0.69871968]","[ 0.65765116  0.25083911  0.64790664  0.2911901  -0.38022     0.14591373
  0.67567609]","[ 0.87147311 -0.0017929  -0.46754665  0.14809298  0.7602271   0.42088058
  0.76200721]","[ 0.8252844   0.54970691  0.00146251 -0.12932841  0.16547058  0.45937753
  0.51337918]","[ 0.94710061 -0.00442743  0.31388257 -0.06677247 -0.21385011 -0.22570059
  0.13387421]","[ 0.9400274   0.24369339 -0.08534424  0.22288646  0.4224501   0.68239663
  0.39753211]","[ 0.38194636  0.07439444  0.89163243  0.23146069 -0.69243826  0.16212
  0.66721627]","[ 0.888269   -0.11392699  0.3681315   0.24995604 -0.43073149  0.09309261
  0.345904  ]","[ 0.99817481 -0.01862367  0.0422385  -0.03893743  0.35682353 -0.04286912
  0.11272784]","[ 0.59953991  0.24242654 -0.61603635  0.44975603  0.72489407  0.58365109
  0.74842138]","[ 0.87762779 -0.22460246  0.38940804  0.16638681 -0.42932519 -0.05549505
  0.14923198]","[ 0.89807917  0.417444    0.13845514 -0.00494865  0.25095249  0.40609453
  0.31120862]","[ 0.86765943  0.42772403 -0.23881956 -0.08476139  0.70264664  0.14159317
  0.68029694]","[ 0.85088918  0.04028038 -0.52324891 -0.02399312  0.80900097 -0.14550368
  0.60061074]","[ 0.77058434  0.31684345  0.55047931  0.05274979 -0.4774313   0.37807011
  0.44234747]","[ 0.84836795  0.07891988 -0.45121317  0.26542445  0.36726844  0.33026919
  0.24738827]","[ 0.84353881 -0.18870121  0.45733282  0.2089996   0.16078967  0.14130186
  0.50758856]","[ 0.14427977  0.15091878  0.96482373  0.15975619 -0.4067799   0.13746857
  0.96051195]","[ 0.88498803 -0.12224314 -0.44889231 -0.01866783  0.34065257  0.05319877
  0.14818753]","[ 0.39226017 -0.0546132   0.81844601  0.41628774 -0.36940845 -0.01161991
  0.85998795]","[ 0.8941871  -0.16720885 -0.33800564  0.24129406  0.78967677  0.37772161
  0.70045193]","[ 0.9477428  -0.22773394  0.03568023  0.22056235  0.16412129  0.06489653
  0.13006552]","[ 0.60013491 -0.51394462  0.5823548   0.19121167 -0.18882783 -0.19897084
  0.71081279]","[ 0.67875323 -0.15880223  0.70513529 -0.12984656 -0.34575287 -0.00418923
  0.70547816]","[ 0.95023902 -0.06332552 -0.03837139  0.30259433  0.08987568  0.34123514
  0.04355452]","[ 0.4904723  -0.07498829  0.79692976  0.34455281 -0.61925161 -0.0404932
  0.53567678]","[ 0.28098644 -0.05181959  0.94287572 -0.17130887 -0.60846242 -0.00141226
  0.7753374 ]","[ 0.87400018 -0.23488751 -0.36459945  0.21913188  0.60827824  0.0435504
  0.47118075]","[ 0.74471923 -0.20544385  0.44867136  0.4493107  -0.18635936  0.12831065
  0.19379611]","[ 0.90943047  0.02470615  0.41410609  0.02901684  0.14071801  0.1165196
  0.56660141]","[ 0.8844685   0.06121596  0.3470559   0.30581086  0.03673238  0.3773935
  0.48987298]","[ 0.64916948 -0.14906963 -0.74196747 -0.07642968  0.80398884 -0.14952815
  1.15433293]","[ 0.77611321  0.34761255 -0.52609872  0.0058266   0.58033883  0.5611509
  0.56834745]","[ 0.94698861 -0.04607935 -0.29807964 -0.1106246   0.61380658  0.08980813
  0.24213872]","[ 0.95177845  0.15398493 -0.15406576  0.21603278  0.10698351 -0.03598442
  0.04577756]","[ 0.73958745  0.16654496 -0.64080218 -0.12101965  0.44571084  0.61252331
  0.39217628]","[ 0.98849936  0.01529458  0.14900382  0.02080754  0.15031438  0.23312331
  0.39726496]","[ 0.74257238  0.42587563  0.47712819  0.19890928 -0.4660577   0.47664404
  0.29820425]","[ 0.8985213   0.24270715 -0.12643607  0.34317142  0.16837798  0.36666937
  0.61644795]","[ 0.8384285   0.24718825  0.48325987 -0.04894408 -0.39302501  0.4817761
  0.26083998]","[ 0.89792813  0.16739041 -0.38073215  0.14404356  0.35287612  0.41180173
  0.22626216]","[ 0.98146106 -0.11967511 -0.04709133  0.14210722  0.10709453  0.06667386
  0.0288707 ]","[ 0.84872437  0.033157   -0.40163233  0.34243106  0.34941308 -0.1564369
  0.15456616]","[ 0.64357162  0.21080472 -0.73409733  0.04977999  0.66883943  0.62304213
  1.05632142]","[ 0.74956354 -0.14563025 -0.60979838  0.2123494   0.81004724  0.37493156
  1.06982271]","[ 0.89890308  0.43435936  0.02841351  0.04997867  0.57476114  0.36769991
  0.55151317]","[ 0.67554925 -0.02104208  0.72053545  0.15498098 -0.13830592  0.15841864
  0.50937788]","[ 0.89089674  0.02151428  0.39559313 -0.22214009 -0.12459026 -0.00742579
  0.52074004]","[ 0.88966528 -0.13145246  0.37405871  0.22648625 -0.41251997  0.01237065
  0.42815956]","[ 0.92601594  0.28478856 -0.1943161   0.15372445  0.27360704  0.39319919
  0.20070444]","[ 0.4385622  -0.1908738   0.87187625 -0.10517695 -0.5304697  -0.1436018
  0.68922714]","[ 0.91425185 -0.04620219  0.38781245  0.1077516  -0.46067784  0.14989799
  0.4213473 ]","[ 0.96297527  0.01472964 -0.08863649  0.25417561 -0.05273585  0.34443048
  0.06746066]","[ 0.98031952  0.08788877 -0.1758261  -0.01828627  0.3836364   0.27323952
  0.44521193]","[ 0.85684002  0.22004895 -0.46413142 -0.04456071  0.24362024  0.2585706
  0.09419438]","[ 0.95746336 -0.00580009 -0.28830698 -0.01045744  0.53727791 -0.22951115
  0.27608626]","[ 0.76216873  0.04820514 -0.56911879 -0.30476039  0.85878691 -0.16512182
  0.89252   ]","[ 0.67839114  0.15526967  0.66117246  0.28022807 -0.58675829  0.35808926
  0.61673782]","[ 0.83112247 -0.02870892 -0.54686031 -0.09672147  0.58045229  0.18212161
  0.66478779]","[ 0.94599683  0.15316006  0.20779074  0.19609948 -0.39781456  0.2678711
  0.35926667]","[ 0.9548329   0.02289545 -0.23893787 -0.17515316  0.21013601  0.27344715
  0.12018798]","[ 0.33811485  0.00092193  0.90926484  0.24272403 -0.44354297  0.09414176
  0.68568412]","[-0.48314206  0.10001176  0.8578552  -0.14372145  0.82059157 -0.04348878
  1.20488103]","[ 0.87534087  0.07160261 -0.47815829 -0.00400996  0.77414906  0.079165
  0.53189547]","[ 0.79744082 -0.15740566 -0.57905778  0.06327465  0.67563629  0.31089383
  0.66207059]","[ 0.12880705  0.03482655  0.98433616  0.11523102 -0.35654722  0.12580631
  0.843413  ]","[ 0.90901624  0.05132611 -0.23323473  0.34155039  0.40764402  0.13634827
  0.14653658]","[ 0.85738576  0.0316477   0.51342809 -0.01672327 -0.53267341  0.34309204
  0.47140223]","[ 0.33316598 -0.01061214  0.79560602  0.50586448 -0.61239664  0.08790929
  0.78192985]","[ 0.16737556 -0.01266223  0.9533383   0.25094057 -0.48362655  0.01485159
  0.94031436]","[ 0.8176234   0.29797324  0.48704776  0.07408377 -0.22051769  0.21310728
  0.58634045]","[ 0.91957406 -0.22464949 -0.09978868  0.30652631  0.56354449  0.42407126
  0.59743672]","[ 0.86998266 -0.22278389 -0.31382794  0.30823616  0.53934403  0.34428344
  0.45713333]","[ 0.8744137   0.06806425 -0.47792097  0.04857458  0.56135806  0.03989994
  0.36226418]","[ 0.86236844  0.18006252 -0.46410197  0.0922362   0.78719818  0.192608
  0.48374529]","[ 0.76027638  0.33466076  0.42059779  0.36480065 -0.30220529  0.60676551
  0.29174199]","[ 0.60935861 -0.3287661   0.72137656 -0.01451853 -0.39165854 -0.22036023
  0.60393325]","[ 0.63194585 -0.03716229  0.77138089 -0.06507641 -0.4822181  -0.0488626
  0.37379392]","[ 0.68375821  0.32487866  0.65098113  0.0561439  -0.5422194   0.28532649
  0.69015686]","[ 0.90435893 -0.0883793   0.34754551  0.2313788  -0.01202501 -0.21123459
  0.06148245]","[ 0.978945    0.03419502 -0.19049174 -0.06488669  0.20905313 -0.0348758
  0.33620813]","[ 0.91921664  0.37124171  0.13083039 -0.01018718 -0.08822389  0.44386762
  0.31980141]","[ 0.75835416  0.39510626 -0.51757759 -0.03005761  0.56891661  0.257418
  0.74023175]","[ 0.85757018  0.47952011  0.1858186  -0.01026167  0.3565563   0.34044076
  0.59728259]","[ 0.98266046  0.18236239  0.02134341 -0.02582303 -0.26883423  0.32711998
  0.13423766]","[ 0.6130673  -0.09208963  0.73677019 -0.26988455 -0.35854981  0.01798973
  0.70963064]","[ 0.75877667  0.04391273  0.52723205  0.3799421  -0.50435452  0.20337661
  0.21979773]","[ 0.84207259 -0.04497023  0.46790263  0.26449683 -0.32998561  0.33922925
  0.11986045]","[ 0.89133185  0.31460426  0.11230963  0.30649346 -0.23312788  0.38291827
  0.20968117]","[ 0.63919081 -0.34300245  0.61201803  0.31498946 -0.15559164 -0.09740418
  0.51129565]","[ 0.96076269  0.25489258 -0.08635868 -0.06713421  0.62846289  0.51100817
  0.40565978]","[ 0.86315411  0.3767426  -0.31464313  0.118447    0.5335333   0.65159021
  0.77015494]","[ 0.94619314 -0.07752943  0.29532935 -0.10718345 -0.08477334 -0.16830377
  0.04684614]","[ 0.92205424  0.14800517 -0.34049443  0.10942572  0.70430178  0.09501399
  0.70320945]","[ 0.64536548  0.34613562  0.68094917  0.00132705 -0.23847227  0.33167119
  0.65693937]","[ 0.94138478  0.00811699 -0.33247688 -0.05646179  0.3731552   0.25509183
  0.36639587]","[ 0.94918441 -0.13908607 -0.23701538  0.15338755  0.43324432 -0.01484328
  0.5370019 ]","[ 0.87269162  0.01595954  0.42776903 -0.23487928 -0.57903774  0.16411032
  0.48663659]","[ 0.89596921 -0.39644714 -0.046717    0.19464417 -0.17061096 -0.32086334
  0.25354682]","[ 0.6599416   0.33018784  0.66711515 -0.10203159 -0.30700637  0.34137025
  0.53252144]","[ 0.92542424 -0.07107605 -0.17557572  0.32819405  0.03615964  0.02439788
  0.07510251]","[ 0.95297212 -0.11732431  0.09469426  0.26289188  0.30395922  0.01983078
  0.30130321]","[ 0.77594098  0.08794016  0.45378468  0.42925701 -0.49240303  0.35388311
  0.28320027]","[ 0.55780754 -0.02869625  0.6857842   0.46661258 -0.66737193  0.04607643
  0.70286657]","[ 0.71556541  0.1030095  -0.69011837 -0.03304273  0.80922869  0.43727755
  0.79490854]","[ 0.90767562  0.31248304 -0.28013519 -0.00189452  0.81765113  0.20551014
  0.85919021]","[ 0.90248979 -0.10264132  0.39887182  0.12600878  0.05277178 -0.10027967
  0.33312081]","[ 0.88353844  0.24314815  0.30598283  0.25809553 -0.2413305   0.39719247
  0.17368171]","[ 0.87254575  0.20480118  0.40957437  0.17020347 -0.14918001  0.44451801
  0.52975333]","[ 0.7703502  -0.13115709  0.61697329 -0.09328636 -0.49695207 -0.02281355
  0.51676747]","[ 0.93119629 -0.03597578 -0.35908362  0.05136314  0.65249718 -0.13400654
  0.56964613]","[ 0.81048176  0.0748645  -0.4800504  -0.32720977  0.81736257 -0.11876397
  0.85273838]","[ 0.98747044  0.11926113  0.1030947   0.0070994   0.56551979  0.18352536
  0.48149901]","[ 0.9203503   0.29118408 -0.21414596  0.14936088  0.45715587  0.37240669
  0.61226673]","[ 0.77615765  0.34544374 -0.5144498   0.11657328  0.64550764  0.69583237
  0.86127853]","[ 0.98316211 -0.12743144  0.0405236  -0.12454452  0.0475414   0.25793465
  0.02361264]","[ 0.50709048 -0.02877995  0.84109748  0.18597309 -0.4657837   0.06196591
  0.45563827]","[ 0.85428419  0.29127828 -0.32895717  0.2777457   0.43738953  0.51612517
  0.33434298]","[ 0.81381583  0.16618427 -0.45509344  0.32089958  0.69143277  0.30517455
  0.55136888]","[ 0.95365845  0.18378159 -0.1067846  -0.21297167  0.05878833  0.68819966
  0.24873409]","[ 0.9838442  -0.07984037  0.14720361  0.06330241  0.00122953  0.07231903
  0.22733771]","[ 0.73199767 -0.22370661 -0.63017981  0.13041536  0.49859037 -0.31895458
  0.34497266]","[ 0.37688184 -0.21779052  0.77402627  0.45979419 -0.31995991 -0.03444251
  0.65210001]","[ 0.97657748 -0.07353657 -0.09895855  0.17634061  0.34788509  0.3207345
  0.36507494]","[ 0.97862972  0.10434841  0.13220361 -0.11797238  0.14948026  0.09294259
  0.37072403]","[ 0.99540643 -0.06757831 -0.00626266 -0.0675277   0.62908761  0.08631983
  0.3993497 ]","[ 0.79056656  0.23478034 -0.37650397  0.4220515   0.57828137  0.69654723
  0.91012238]","[ 0.80629096  0.3863011  -0.43989328  0.08461825  0.44562511  0.26978786
  0.6919143 ]","[ 0.47348918 -0.32426047  0.8139745   0.09004808 -0.45314094 -0.21575562
  0.50578666]","[ 0.90084279  0.35490296  0.24712691 -0.03813717 -0.3994766   0.51440616
  0.25197147]","[ 0.92207343  0.1757553  -0.29670821 -0.17565562  0.7586282   0.14926636
  0.62619073]","[ 0.85978927 -0.27699555  0.32737574  0.27723817 -0.17848228 -0.09654061
  0.54560136]","[ 0.97350255 -0.12127744  0.15282708  0.11928305 -0.22370542  0.15096567
  0.24658458]","[ 0.92212308 -0.24773484  0.26290715 -0.13855073  0.01850247 -0.0932841
  0.44145265]","[ 0.53439578 -0.39304799  0.69507337  0.27714153 -0.27019091 -0.173346
  0.53398073]","[ 0.85321534  0.03767221 -0.51690731 -0.05840561  0.76764677  0.13427591
  0.52744875]","[ 0.95117422  0.18869802 -0.22625601 -0.09202649  0.75041255  0.33410095
  0.63107116]","[ 0.86544047  0.35489253  0.19211172  0.29691274 -0.34701615  0.51968847
  0.32123177]","[ 0.95081169 -0.15140407  0.18353661  0.19836395  0.36485833 -0.07492319
  0.14332372]","[ 0.61341991 -0.06454386  0.78701055 -0.01282571 -0.47931031 -0.05600517
  0.72786167]","[ 0.9444385  -0.10261827 -0.31223576  0.00377496  0.45918844 -0.2011793
  0.51591228]","[ 0.90349465  0.39259595  0.02150163  0.17059753  0.00789387  0.43002448
  0.28849674]","[ 0.82919734 -0.09039742  0.51962401  0.18507017 -0.13965082  0.048604
  0.1084933 ]","[ 0.93414873 -0.21175562  0.20884252  0.19725747  0.17816029 -0.11084741
  0.08006059]","[ 0.96328296  0.24083362 -0.04843736  0.10834637 -0.14898811  0.34247839
  0.07312229]","[ 0.90264154  0.32335315  0.28337714  0.01945221  0.06351886  0.36983685
  0.39442255]","[ 0.87886544  0.284856    0.36832765 -0.10386214 -0.1785112   0.34250256
  0.41308906]","[ 0.82607992  0.29790047  0.46002504  0.13124111 -0.21944932  0.55493793
  0.25538157]","[ 0.97317953  0.21278902  0.08521312 -0.01952313  0.06029991  0.34469312
  0.27887287]","[ 0.73475092  0.09128735 -0.58483321 -0.33132737  0.82191507 -0.16867351
  0.88109323]","[ 0.95531788 -0.08104127  0.25947575 -0.11607066 -0.26856143  0.01157867
  0.40009725]","[ 0.93817662 -0.03282283  0.25968678  0.22651727  0.03183917 -0.14116457
  0.11069627]","[ 0.93223458  0.25856046  0.17068027  0.18695837  0.26360273  0.57386616
  0.45482739]","[ 0.18977531  0.03176917  0.98095247 -0.02661375 -0.55889833  0.11632741
  0.8839639 ]","[ 0.78488825  0.4498286  -0.407271   -0.12543922  0.77398582  0.30695254
  0.62998234]","[ 0.66338581  0.01676294 -0.74799363  0.01199199  0.83379833  0.31101624
  1.08304502]","[ 0.85992872 -0.16983935  0.48060112 -0.02645275 -0.35673115  0.14104286
  0.10181611]","[ 0.68152716  0.15264448  0.71110393  0.08094187 -0.39795611  0.17344579
  0.57149079]","[ 0.55432815  0.13992354  0.77622818  0.26572829 -0.42300219  0.06093188
  0.78295135]","[ 0.89927907  0.10500142  0.3737457   0.20145967 -0.20452828  0.09054141
  0.06748211]","[ 0.82136604  0.02343003 -0.45742088  0.33996323  0.78987157  0.33784182
  0.89158019]","[ 0.99595507  0.0524472  -0.00366982 -0.07286507  0.06842176  0.11707415
  0.08274735]","[ 0.96519354  0.0802805   0.24281766  0.05473625  0.32827354  0.18191473
  0.61380588]","[ 0.82280316  0.2643883   0.4301122   0.26095454 -0.28981402  0.6405331
  0.29691232]","[ 0.65070202  0.05185404  0.67886384  0.33621709 -0.54678334  0.12081467
  0.44777762]","[ 0.18875071 -0.16656139  0.95131845  0.17783048 -0.35748435 -0.11423282
  0.89449107]","[ 0.98232521 -0.08150068  0.15646671 -0.06255395  0.40486247 -0.16040843
  0.20894306]","[ 0.91902946 -0.13550854  0.34793966  0.12633398 -0.00814586 -0.00715376
  0.2114495 ]","[ 0.86305409  0.05468813  0.50176323 -0.01950657 -0.45713398  0.09985684
  0.3169088 ]","[ 0.78080175  0.5229183  -0.27769559  0.19947492  0.16069233  0.72837564
  0.304485  ]","[ 0.83344791  0.3881357   0.39205725  0.0317232  -0.20094356  0.47344807
  0.56509891]","[ 0.9179438  -0.38442112 -0.06334597 -0.07474542 -0.39509516 -0.12117933
  0.18208104]","[ 0.70309313 -0.32814551  0.61517779  0.13977432 -0.30843187 -0.10227858
  0.65537215]","[ 0.8305875   0.06639995 -0.52798826  0.16414581  0.49295224  0.30628885
  0.22168395]","[ 0.62395193 -0.12229284 -0.74108831 -0.215677    0.85775185  0.05124806
  1.13049221]","[ 0.85221788 -0.19925527 -0.48001391 -0.06007224  0.61023571 -0.05095998
  0.2743926 ]","[ 0.81957994  0.0021169  -0.51742201  0.24608677  0.76501302  0.01857768
  0.46851221]","[ 0.87984612  0.46624693  0.04930819  0.07780299  0.22450177  0.6512911
  0.24190533]","[ 0.34375941  0.23238361  0.90401139  0.10291125 -0.61870703  0.34452256
  0.71972358]","[ 0.81782133  0.14919799  0.5416071   0.12477974 -0.61917649  0.0756214
  0.39770103]","[ 0.8984583   0.13620958 -0.39089157  0.14636737  0.71772127  0.37770438
  0.45921553]","[ 0.76593018 -0.03195253 -0.58202361 -0.27125358  0.87924592 -0.04341672
  0.78824563]","[ 0.92781862 -0.27014393  0.14258498  0.21411302 -0.24292494 -0.03688825
  0.08019081]","[ 0.89852709  0.04800567  0.40475121 -0.16285265  0.12013586 -0.035361
  0.40585537]","[ 0.95107526 -0.22172631 -0.16339278  0.13998605  0.33274696 -0.03461566
  0.44431803]","[ 0.35735364 -0.06339659  0.90848728  0.20719582 -0.42572357  0.02092233
  0.82251455]","[ 0.88131555 -0.06818713  0.46751784  0.00777702  0.11340803  0.06640205
  0.43074062]","[ 0.54677626 -0.34488404 -0.76288274 -0.01003232  0.78651119 -0.20748511
  0.73643484]","[ 0.86541878  0.31616538 -0.38781519  0.0262518   0.24119218  0.75982049
  0.39784726]","[ 0.93351888  0.15109811  0.0398073   0.32268752  0.32350067  0.42707694
  0.30400293]","[ 0.91028453 -0.2764926   0.20500965  0.23001078 -0.10707528 -0.05304738
  0.3036264 ]","[ 0.76990811 -0.45288705  0.39968354  0.20588319 -0.25008298 -0.30859975
  0.2491274 ]","[ 0.9367564  -0.16893626 -0.2261199  -0.20692457  0.65213681 -0.01942549
  0.53647521]","[ 0.75671324  0.13181085  0.64013687 -0.01535479 -0.59549139  0.01041887
  0.56990053]","[ 0.92870598  0.36402909 -0.02239155  0.06698243 -0.08158352  0.52388861
  0.16174334]","[ 0.89960595  0.22417209 -0.3377432  -0.16243629  0.77687626  0.01694533
  0.85580102]","[ 0.9567057  -0.03462123 -0.09935458  0.27137472  0.64087606  0.3639038
  0.38528771]","[ 0.25013083 -0.41181443  0.82161087  0.30462932 -0.3274664  -0.23030563
  0.87435046]","[ 0.46546135  0.01173655  0.86077915  0.20558999 -0.40458485  0.09167829
  0.61632404]","[ 0.95730582  0.11157467  0.26652094 -0.00912411 -0.07895831  0.28621061
  0.55570781]","[ 0.66259784  0.111082   -0.73986487 -0.03499814  0.7664313   0.51447252
  0.90680535]","[ 0.56410159  0.14186795 -0.79371352 -0.1779936   0.87315985 -0.0087699
  0.82125748]","[ 0.98779191 -0.0143546  -0.13688793 -0.07295735 -0.01250479  0.09610314
  0.01295657]","[ 0.64061649  0.45316603 -0.61817777  0.04590538  0.70908506  0.4733623
  0.8592083 ]","[ 0.83926483  0.52214022 -0.05513728  0.14129404  0.52608914  0.5781297
  0.6194645 ]","[ 0.95835477  0.01145525  0.25734448 -0.12328317 -0.1700621  -0.04467857
  0.04610975]","[ 0.72364133  0.44896781 -0.51840563 -0.07763203  0.40830827  0.59387766
  0.36392457]","[ 0.90360165  0.01861541 -0.40574008 -0.13613419  0.58842343  0.20039869
  0.40669288]","[ 0.82287198 -0.09428339  0.51118104 -0.22953494 -0.46974903  0.10811798
  0.53169786]","[ 0.6473197   0.19718302  0.72665225  0.11862786 -0.3929951   0.14978633
  0.68244981]","[ 0.79286658  0.47172914  0.37168454  0.10336734 -0.35770273  0.55875524
  0.40025286]","[ 0.91282207  0.03154524  0.40378629  0.05212873 -0.36577524  0.34513883
  0.46117102]","[ 0.74487779 -0.20768892  0.63302604 -0.03606134  0.0465762  -0.02138285
  0.54227407]","[-0.49316397 -0.23847738  0.69873579 -0.46009361  0.55625888  0.75626887
  1.08057103]","[ 0.97525254 -0.02008675 -0.06660649  0.20986322  0.23209348  0.28319229
  0.60585369]","[ 0.90686147 -0.20134609  0.36933436 -0.02557637 -0.247217   -0.11794834
  0.28917616]","[ 0.42153946 -0.39257682  0.81640811  0.04081327 -0.32589441 -0.23361002
  0.68096037]","[ 0.99567678 -0.0604803   0.07017654 -0.00671823 -0.05192458  0.37813949
  0.06592755]","[-0.10116917 -0.14617967  0.94597114 -0.27117322  0.63977505  0.50120654
  1.3071422 ]","[ 0.96947572  0.01224993 -0.21818551  0.11118384  0.21282301 -0.05533335
  0.06420929]","[ 0.31593192 -0.40639967  0.77783771  0.36054796 -0.19365685 -0.1167971
  0.61285344]","[ 0.76227628  0.38001924  0.51270236  0.10796542  0.10550956  0.41285229
  0.54605305]","[-0.28361381 -0.16368552  0.94377312  0.04541546  0.76006649  0.29431362
  1.2712501 ]","[ 0.96473706  0.22808713  0.08420323  0.10083888  0.52252342  0.26109469
  0.60482656]","[ 0.55846181 -0.1415689  -0.81718457 -0.01697128  0.7973061   0.06480568
  0.61322679]","[ 0.6136516  -0.0956686   0.61365074  0.48755717 -0.44939397  0.17129502
  0.43437648]","[ 0.80518017  0.1930649   0.55988124 -0.03072186 -0.35191885  0.12273512
  0.65788108]","[ 0.58213892  0.12360276  0.77222199  0.22250803 -0.24808964  0.2800586
  0.54553143]","[ 0.95801482 -0.25030585 -0.10175162  0.0959228   0.20675908  0.02649158
  0.47765309]","[ 0.8541347   0.41309118  0.31485602 -0.02598609  0.32826916  0.37783167
  0.4278254 ]","[ 0.7809818   0.53010762 -0.20529452  0.25866483 -0.26728461  0.50046717
  0.19074122]","[ 0.97238192  0.10458166  0.1613988   0.13223658  0.16552257  0.44656199
  0.09007577]","[ 0.84823699  0.24009735  0.38833939  0.26840231  0.03080402  0.39467927
  0.49137007]","[ 0.60767092 -0.16755633  0.76525026  0.13058702 -0.11074944  0.03224292
  0.5116882 ]","[ 0.98190758  0.16825679 -0.05342035 -0.06850857  0.05845052  0.44889294
  0.35164309]","[ 0.80299973  0.1324312  -0.56241323  0.1460985   0.60015254  0.26080825
  0.7079973 ]","[ 0.82116396 -0.19047007  0.53603278  0.04560455 -0.35218408 -0.26067124
  0.16509503]","[ 0.43071732  0.0041096   0.81191571 -0.39402866 -0.45335195  0.06526734
  0.70191363]","[ 0.86121738  0.38365566  0.33323533  0.0081957   0.04865619  0.39600019
  0.28406993]","[ 0.87653332 -0.06605581 -0.46322758  0.11289893  0.75212856  0.25263823
  0.4600518 ]","[ 0.97234426 -0.15581292 -0.12824531  0.11756747  0.02637667  0.09563487
  0.09854305]","[ 0.98482583  0.05241394 -0.08249297 -0.1434077   0.09531334  0.08427207
  0.26706343]","[ 0.89316691 -0.07244669 -0.43363336 -0.0946914   0.42512991  0.10719733
  0.12974054]","[ 0.8596739  -0.0466704   0.20447913  0.46580141 -0.03101806  0.3858756
  0.43499963]","[ 0.3975752  -0.02268022  0.87370144  0.27940178 -0.67472388  0.07638131
  0.65725764]","[ 0.87112571  0.27882601  0.37327084  0.15512877 -0.16616283  0.29116914
  0.19731599]","[ 0.76288932  0.20165024 -0.59965841  0.1332173   0.84360209  0.2002507
  0.65105866]","[ 0.74936236  0.06797891  0.5900997   0.29260428 -0.47973925  0.0089245
  0.34841892]","[ 0.56316861 -0.01084646 -0.81409443  0.14132842  0.71842258  0.37019446
  0.9070502 ]","[ 0.78417848  0.02246327  0.61113345  0.10523984 -0.39251998  0.23672761
  0.61374387]","[ 0.89993902 -0.27525314 -0.3233406  -0.09897642  0.51807492 -0.10288046
  0.6246    ]","[ 0.58770654  0.01198195  0.60211503  0.54029153 -0.29027646  0.1566864
  0.64310323]","[-0.36170005 -0.20657263  0.80346528 -0.42537556  0.48029214  0.75610541
  1.27779761]","[ 0.99424563 -0.03648361 -0.09985579 -0.01316758  0.69998016  0.18534124
  0.48793325]","[ 0.93591237 -0.01902535  0.30650256  0.1725174   0.23023805  0.094368
  0.37685632]","[ 0.96326592 -0.0629911  -0.21929271  0.14163896  0.40411276 -0.01455576
  0.26691469]","[ 0.94196895  0.14537425  0.26579276  0.1446203  -0.14950162  0.55726982
  0.31503158]","[ 0.59335635 -0.07179956  0.78329089  0.1709633  -0.35829475 -0.09105744
  0.85151006]","[ 0.92622067  0.27748286  0.22591703 -0.11865928  0.14394347  0.292474
  0.18643143]","[ 0.73660042  0.13295736  0.4921081   0.44449048 -0.17979545  0.36316929
  0.52599769]","[ 0.92135561  0.06904379 -0.24298488  0.29545753  0.27960711  0.42323362
  0.39829169]","[ 0.67661126 -0.09795543  0.72861255 -0.04154134 -0.30473071  0.05027244
  0.60718387]","[ 0.88017121  0.2266722   0.38516622  0.15989166 -0.44699867  0.45554738
  0.38830156]","[ 0.78884136 -0.30682849  0.42487927  0.32103456  0.04877826  0.04477465
  0.44179811]","[ 0.80286687  0.10499553  0.57829638 -0.09976981 -0.33903982  0.12437843
  0.30912596]","[ 0.51411264 -0.14150983  0.81841129 -0.21416376 -0.2679041  -0.05102408
  0.65713521]","[ 0.72162873  0.07855777  0.686252    0.04624757 -0.55130967  0.11412923
  0.55864991]","[ 0.84927491  0.44235975 -0.25328434  0.13746642  0.58194928  0.61603602
  0.6537398 ]","[ 0.87520406  0.27652416 -0.39124777  0.06691358  0.45903887  0.71154979
  0.49158174]","[ 0.39262125 -0.11638905  0.8967479   0.16776576 -0.61656663 -0.13164992
  0.60940464]","[ 0.87631471  0.12679251  0.42498353  0.18810949 -0.63901663  0.24726328
  0.53943055]","[ 0.86653254  0.45633821 -0.04580511  0.19692304 -0.46788786  0.30587262
  0.21302699]","[ 0.95764086  0.19486551 -0.20914932 -0.03475609  0.26658832  0.49662828
  0.44672829]","[ 0.93189632 -0.04524875  0.13649787  0.33300169  0.37904144  0.30517323
  0.28901583]","[ 0.92852732  0.17255662  0.21929636  0.24488842  0.04107249  0.46785022
  0.44830418]","[ 0.72951491  0.04107436  0.48990842  0.47551092 -0.35900177  0.02503189
  0.6342966 ]","[ 0.83247727  0.46329911  0.29863145  0.05616747 -0.52738756  0.36092694
  0.49738107]","[ 0.95843809  0.05014562  0.10691983  0.25971138 -0.08761196  0.02198438
  0.17503516]","[ 0.99331176  0.05768992 -0.07671735 -0.06417219 -0.36599034  0.53182115
  0.26428624]","[ 0.93541957  0.2719048  -0.12170808  0.19038161 -0.02181285  0.63620129
  0.24148075]","[ 0.72483696  0.32140681 -0.57912129  0.18954572  0.53594589  0.60086217
  0.4162818 ]","[ 0.90658528  0.25838114  0.33328818 -0.01616486 -0.57622041  0.24045935
  0.48119407]","[ 0.72227177  0.11466193  0.65218803 -0.1995668  -0.28523764  0.12558479
  0.49206474]","[ 0.81541814 -0.12318009 -0.56525838  0.02007203  0.85583029 -0.05850752
  0.68589798]","[ 0.98101402 -0.11395909  0.1003952   0.12060521  0.20747024 -0.09190977
  0.38218864]","[ 0.90695099 -0.03137709  0.37576334  0.18776924 -0.04861809  0.2938362
  0.18609275]","[ 0.90250403  0.37585065  0.19072164  0.08858902 -0.04495519  0.33120261
  0.40099018]","[ 0.55803057  0.20623271 -0.75692355  0.27043797  0.58353005  0.6708969
  1.28059803]","[ 0.84914083 -0.10478793  0.47483303  0.20618665 -0.57487878  0.1722098
  0.48023662]","[ 0.92157316 -0.12021959  0.19802287  0.3115078  -0.05677335 -0.13525329
  0.14201336]","[ 0.8365087  -0.21686348  0.49544953  0.08805217 -0.3606136   0.04801629
  0.4486806 ]","[ 0.87632048 -0.037781   -0.45009966  0.16746733  0.73582826  0.38970716
  0.8022245 ]","[ 0.90840465 -0.13311075  0.37447979 -0.1297976  -0.15483148 -0.1717382
  0.23619786]","[ 0.88872595 -0.1823112  -0.38302846  0.17383327  0.82661874  0.34476904
  0.72422769]","[ 0.96652655 -0.11895712  0.18816141  0.12755752 -0.01044394  0.04535278
  0.36664529]","[ 0.95688638  0.00097388  0.24480804 -0.1563219  -0.16959759 -0.14331736
  0.07124968]","[ 0.65711999  0.11825371  0.68609969  0.28892315 -0.67960848  0.24501126
  0.4980947 ]","[ 0.68863543 -0.11152293  0.68764594  0.20121367 -0.38263469  0.00623567
  0.45126055]","[ 0.93576224 -0.32303958  0.04473103 -0.13414018 -0.10175803 -0.08561411
  0.18030245]","[ 0.87704615  0.38855838  0.15250146  0.23781453 -0.27683259  0.34508828
  0.30611026]","[ 0.90915054 -0.33889868 -0.23098721 -0.07237333  0.55757634 -0.07984681
  0.37556019]","[ 0.88569734  0.13956722  0.37714499  0.23199755 -0.63039883  0.33472722
  0.52004543]","[ 0.82528646 -0.016384    0.37856441  0.41871567 -0.34459381  0.07577281
  0.27945127]","[ 0.86630948  0.44320235  0.17301489  0.15213612 -0.23209217  0.44759557
  0.48491396]","[ 0.74883495 -0.34985251  0.50946744  0.23935826 -0.47469837 -0.18706246
  0.42523789]","[ 0.89516345  0.32098031  0.25716287  0.17181765 -0.22282734  0.39415582
  0.37430834]","[ 0.97987317  0.07592335  0.12030929  0.14003532 -0.01594551  0.36617205
  0.44440168]","[ 0.6963395   0.61102597 -0.31467555  0.20673136  0.31249544  0.58263432
  0.70977387]","[ 0.98391424  0.07352753  0.15855848 -0.0369551   0.16341324  0.17441742
  0.08913166]","[ 0.90455218 -0.28290087 -0.31578842 -0.04505687  0.63685801 -0.10475315
  0.30391686]","[ 0.95778578 -0.1142415   0.2627629  -0.02347193  0.39326849  0.01148265
  0.54223705]","[ 0.97768748  0.19653447  0.06529223  0.03518976 -0.12362044  0.14257197
  0.14559621]","[ 0.71785721  0.22696959  0.62180928  0.21568276 -0.47204987  0.27932037
  0.44140281]","[ 0.77418563 -0.30860724  0.54398592 -0.09735244 -0.16135351 -0.17035161
  0.43582383]","[ 0.87732891  0.3380134  -0.27078453  0.20668008  0.48288293  0.70549083
  0.52335729]","[ 0.9677204  -0.06609252 -0.24080994  0.03405275  0.30581621 -0.12323976
  0.13369471]","[ 0.99441008  0.02675814 -0.07996665 -0.06354476  0.06880087  0.38253859
  0.07658592]","[ 0.85615324  0.23857114  0.44901284  0.09204843  0.14005083  0.27133341
  0.54317219]","[ 0.57101752 -0.02124687 -0.79354111 -0.20923686  0.83909152  0.12786132
  0.72119758]","[ 0.91667465  0.3781736  -0.07092598  0.10798992  0.5429801   0.33866622
  0.65790048]","[ 0.97934233  0.18724485 -0.03328173 -0.06870447 -0.05856178  0.16077633
  0.11131949]","[ 0.73983417 -0.15118155 -0.62007284  0.21283609  0.80251277  0.44357334
  0.69759148]","[ 0.89962733  0.25124379  0.32105179  0.15643843 -0.02300707  0.45576184
  0.20856988]","[ 0.96578578 -0.07746655  0.18398902  0.16554394 -0.40667391  0.04494579
  0.26139675]","[ 0.84228793  0.01882162  0.50005878  0.20034472 -0.06037879  0.07879382
  0.26965743]","[ 0.39868609 -0.29575104  0.77559217  0.38991987 -0.50919793 -0.21447802
  0.68246049]","[ 0.88786549 -0.24587029  0.10134412  0.37546243  0.3409008   0.37722089
  0.42122152]","[ 0.88359527 -0.34848836 -0.05398705  0.30805951  0.494752    0.04118603
  0.24533338]","[ 0.2645568   0.01584624  0.96418915  0.00989295 -0.5710637   0.0895913
  0.75244804]","[ 0.968397    0.14669552 -0.09185784  0.17958231 -0.28284308  0.57968701
  0.2202998 ]","[ 0.68397755  0.07815873  0.69262944  0.21524493 -0.39261386  0.0245767
  0.4404388 ]","[ 0.97840346 -0.14900632 -0.13331911 -0.05243864  0.35281862 -0.28649572
  0.3392674 ]","[ 0.8089407   0.32389581 -0.4905855   0.0056844   0.37773742  0.59445794
  0.35212385]","[ 0.93700847 -0.3411104   0.06045954  0.0447602   0.34684701 -0.12902069
  0.40021813]","[ 0.54511079 -0.11211645  0.80337475  0.21183281 -0.5651835  -0.07695058
  0.43797385]","[ 0.66706784  0.03222038 -0.74401473  0.02060151  0.70469614  0.34201444
  0.46623353]","[ 0.90396583  0.04491633  0.34532073  0.248157   -0.35020442  0.22052123
  0.13747297]","[ 0.96298693 -0.06922379  0.25836277 -0.03336034  0.19318119 -0.04588074
  0.2603579 ]","[ 0.7178406  -0.26747629  0.56928269  0.29846025 -0.4070531  -0.10080892
  0.56355471]","[ 0.64752458  0.44588673 -0.61790174  0.00971539  0.47362928  0.70139215
  0.54452187]","[ 0.95944916 -0.22186171  0.17333422  0.01378191 -0.00739898 -0.0448858
  0.42669239]","[ 0.77456347  0.08784466 -0.625335    0.03592871  0.65282025 -0.05711144
  0.4006132 ]","[ 0.85164208  0.47125407 -0.21960447 -0.06632683  0.49013157  0.42346756
  0.37290612]","[ 0.65918293 -0.25047345  0.51795075  0.4842189  -0.24010029  0.12029162
  0.21352084]","[ 0.85676121 -0.12813046 -0.40286582  0.29536749  0.63929096  0.59463594
  0.90456736]","[ 0.50378617 -0.10224326  0.85590205  0.05636923 -0.58303784 -0.13923236
  0.57401651]","[ 0.20838867  0.18436116  0.90276717 -0.32801917 -0.28611874  0.2067813
  0.72957323]","[ 0.56141394 -0.15063933  0.81185973  0.05482651 -0.19604903  0.00900963
  0.57104202]","[ 0.8715506   0.02015011 -0.2955944   0.39066285  0.38619314  0.22004294
  0.14081026]","[ 0.9697218  -0.04646621  0.15530378  0.18265065  0.14228866  0.3335379
  0.0450545 ]","[ 0.9552408   0.27228065 -0.11491119  0.01317908  0.31797563  0.207707
  0.6386923 ]","[ 0.95854649  0.07295479 -0.24583871  0.12421578  0.06600773  0.31527514
  0.11467389]","[ 0.96058038  0.25861708  0.09282973 -0.04225135  0.11527216  0.26941728
  0.38942073]","[ 0.64885078  0.01732739  0.66827756  0.36345223 -0.56106789  0.12835772
  0.65678496]","[ 0.98449431  0.12904859  0.0522682  -0.10670265  0.19689594  0.31659254
  0.56054288]","[ 0.8743956  -0.08078154  0.45795694  0.13849953  0.03194039  0.09611134
  0.18584916]","[ 0.40074633 -0.05758056  0.85651128 -0.3201176  -0.52279726  0.07933824
  0.82147905]","[ 0.9483086   0.28808338 -0.12436941 -0.04744494  0.49919143  0.31895791
  0.39591848]","[ 0.79333064 -0.18500911  0.51139248  0.27363453 -0.43719386 -0.12247893
  0.58785626]","[ 0.98962799 -0.12960794  0.03017813  0.05410637  0.62566757  0.10976595
  0.5136455 ]","[ 0.81037427  0.57241015  0.00928749 -0.1247153   0.58900773  0.32369551
  0.49277175]","[ 0.95209154 -0.09703004 -0.27070445 -0.10404797  0.5181449   0.15238462
  0.41976432]","[ 0.58788352 -0.40258456  0.67733349  0.18313376 -0.03580261 -0.08249513
  0.54342247]","[ 0.9863518  -0.07778509 -0.12774815  0.06884782  0.25472085  0.02263889
  0.58211313]","[ 0.88614342  0.37356286 -0.2585788   0.09131065  0.29316188  0.51712503
  0.63037601]","[ 0.9797869   0.11579062  0.12427889 -0.10566415  0.27685779  0.32339126
  0.10371304]","[ 0.45662978 -0.19372972  0.86820309 -0.01346947 -0.57206692 -0.13685
  0.79594076]","[ 0.88308133 -0.23145209 -0.23135411  0.33626265  0.39737988  0.31063055
  0.60375815]","[ 0.9449748   0.1964543  -0.16376426  0.20398432  0.07612476  0.36914448
  0.20390943]","[ 0.95200133  0.29276609 -0.031648    0.08354569 -0.1030622   0.58633606
  0.20129548]","[ 0.45460689 -0.05064634  0.73379169  0.50231194 -0.49527719  0.07903394
  0.6884642 ]","[ 0.98394065  0.13840123  0.07851675  0.08087659  0.2981163   0.13323521
  0.53843519]","[ 0.9499161  -0.18168023  0.01906992  0.25355086  0.26420523  0.07431821
  0.52352479]","[ 0.87264562  0.12457189  0.44997271  0.14316431  0.0538522   0.30409131
  0.42931428]","[ 0.86339653 -0.22470905 -0.44991633 -0.04034322  0.70273964 -0.23853496
  0.52002585]","[ 0.95237003 -0.2541907   0.16839106 -0.00478232 -0.26975489 -0.07937815
  0.19917271]","[ 0.94187241 -0.12200646 -0.13146599  0.28409063  0.24834264  0.26210508
  0.48161107]","[ 0.59815142 -0.10017807  0.77295493  0.18633279 -0.23880025  0.02235259
  0.57327205]","[ 0.91158774 -0.03043342 -0.35196464  0.21024391  0.77563904  0.40349457
  0.83530653]","[ 0.82626326  0.21248553  0.5150534   0.08281854 -0.32828394  0.24438303
  0.47417017]","[ 0.95461192  0.11089616  0.1443886   0.23573303  0.11649988  0.40013748
  0.3954936 ]","[ 0.98470478  0.09556092  0.13203848  0.06156667 -0.52965003  0.36079198
  0.35853306]","[ 0.95910617 -0.13578129 -0.19565615 -0.15296232  0.59966692 -0.12672076
  0.69506363]","[ 0.9765222   0.09915124  0.05873218  0.18199986 -0.23832006  0.33533653
  0.12274394]","[ 0.70853685  0.55381058 -0.41540132  0.13678857  0.5640599   0.67642892
  0.90939615]","[ 0.90850338  0.34773631  0.13584082  0.18774539 -0.09312278  0.36347996
  0.4027728 ]","[ 0.45878417  0.27274029  0.82764484  0.17359098 -0.50269803  0.28323237
  0.81825248]","[ 0.92540635 -0.28323759 -0.1320044   0.21441639  0.11623288  0.01638837
  0.18585677]","[ 0.96841517 -0.07742002 -0.13342712  0.1958964   0.30750645  0.19497843
  0.25473805]","[ 0.65843969  0.11857693  0.6930632   0.2684401  -0.42894269  0.26875492
  0.49805757]","[ 0.96645678  0.22655335 -0.04100783  0.11381228  0.51909964  0.49960514
  0.54007464]","[ 0.88121006 -0.11311534  0.45432543  0.06528515 -0.23634803  0.06256345
  0.43690538]","[-0.43718179 -0.23921913  0.86108512 -0.10088957  0.80224044  0.29809997
  0.9878392 ]","[ 0.89809231  0.43946157  0.01739119 -0.00113189  0.13592249  0.39556821
  0.42031665]","[ 0.94035684 -0.30187347  0.02000056 -0.15556798  0.39308516 -0.17565406
  0.16152707]","[ 0.89074921  0.25857092  0.17396163  0.33082362 -0.48569636 -0.13544939
  0.26693266]","[ 0.61217045  0.10149076 -0.7449624  -0.24490403  0.85604237 -0.05461332
  1.02078574]","[ 0.92338083 -0.02653627 -0.37272072 -0.08799396  0.35996854 -0.0530687
  0.23220262]","[ 0.84886081  0.4169288  -0.29424801  0.13792681  0.33803156  0.84620033
  0.52882221]","[ 0.60475595  0.00901501  0.63792129  0.47670263 -0.65099423  0.0761694
  0.41201352]","[ 0.38091606 -0.06514157  0.83141029  0.39926991 -0.35700698 -0.12188193
  0.88352459]","[ 0.89498345  0.3648645   0.021922    0.25573023 -0.07813942  0.42684
  0.07942977]","[ 0.58026105  0.05282086  0.8116874   0.04087345 -0.33355235  0.18322651
  0.71541562]","[ 0.76339993 -0.12577068  0.62321312  0.11405128 -0.48003342 -0.09162623
  0.75251215]","[ 0.67787534  0.48764248  0.54960794  0.02491865 -0.22004625  0.54646899
  0.47869632]","[ 0.67227194  0.25809866 -0.57533566  0.38784586  0.6867168   0.6547863
  0.88349394]","[ 0.84448011  0.11840474 -0.52203485  0.01769963  0.21811263  0.08915984
  0.0800045 ]","[ 0.95889969  0.04199429 -0.2423666  -0.14144359  0.28944286  0.34005247
  0.23725859]","[ 0.98437571  0.06514377  0.10654624 -0.12413158  0.37632031  0.00904576
  0.57774901]","[ 0.99397624  0.0118873  -0.10893833 -0.00153833  0.65593799 -0.02172719
  0.35398437]","[ 0.8934091  -0.29906921  0.18810379  0.27747929  0.09205087 -0.01682961
  0.52125579]","[ 0.91616252  0.18288038  0.35565945 -0.02659618 -0.21735735  0.24914413
  0.03935794]","[ 0.93444215  0.01283387 -0.31833998  0.15910002  0.30931786  0.13515191
  0.18103529]","[  9.57146280e-01  -4.61151148e-04  -4.24891998e-02   2.86470685e-01
   1.97083744e-01  -5.90571227e-02   1.99103502e-01]","[ 0.74299872 -0.20579105  0.63346864 -0.06573006 -0.58992888  0.06128385
  0.36603517]","[ 0.96118503 -0.23648715 -0.03601071 -0.13747872  0.00270387 -0.23027869
  0.29932827]","[ 0.93152567 -0.01241513  0.36263792 -0.02448539 -0.26903009 -0.0911758
  0.28883322]","[ 0.91087236  0.332874    0.22247218  0.10006282  0.34133659  0.49550462
  0.3825617 ]","[ 0.77881575  0.25249719 -0.55460152  0.14868878  0.603031    0.67440602
  0.76514279]","[ 0.94747842  0.13527493  0.22372405  0.18420882  0.07902861  0.52219107
  0.31536652]","[ 0.71799013  0.25586434 -0.59596234  0.25269053  0.69317614  0.54789872
  1.254784  ]","[ 0.91090578  0.17789743 -0.3722658   0.00461867  0.40950263  0.3351804
  0.55969336]","[ 0.87960156  0.45837604 -0.06919713  0.10679068 -0.05745227  0.65516056
  0.24238765]","[ 0.8739906   0.00136145 -0.47703099  0.09262837  0.78947407  0.31291647
  0.7153169 ]","[ 0.09786997 -0.26083001  0.93030531  0.23858164 -0.35471295 -0.09702335
  0.82089468]","[ 0.56513363  0.39190949  0.72452759  0.04572422 -0.28774422  0.36234962
  0.70698125]","[ 0.75577277  0.3393856  -0.54715255  0.11936926  0.803934    0.47919023
  0.7789175 ]","[ 0.97047439  0.10968446  0.21236005  0.03243435 -0.10210174  0.32783781
  0.06288374]","[ 0.88730186 -0.43140265 -0.01070309  0.16270401  0.37155104 -0.05590342
  0.39016036]","[ 0.89668435 -0.05063577  0.42107126  0.12685501  0.0123117   0.27475551
  0.26887206]","[ 0.96627639  0.01316149 -0.25320513  0.04498758  0.52979366  0.14128733
  0.64814919]","[ 0.82670167 -0.05131233  0.43282469  0.35580075 -0.29175759  0.2652199
  0.15899548]","[ 0.95952406  0.20600565 -0.09324307  0.16787192  0.24465053  0.50732271
  0.58480844]","[ 0.96817129  0.23121763 -0.01351823  0.09486839  0.51726269  0.49507954
  0.54316146]","[ 0.98229623  0.02042039 -0.10121996  0.15630628  0.67260459  0.03413832
  0.42119041]","[ 0.93751939  0.16976147  0.29927166  0.05171952  0.29999666  0.2538213
  0.42490432]","[ 0.84747813 -0.43966971  0.29688815  0.01813275 -0.6108437  -0.20195475
  0.47640321]","[ 0.98952145 -0.07241457 -0.12299344 -0.02181831  0.6260382  -0.1899723
  0.35217161]","[ 0.61936252 -0.37746484  0.68187906  0.09461141 -0.33360745 -0.15278515
  0.69587856]","[ 0.43744385  0.00619562  0.88470795  0.16092337 -0.60684862  0.05772901
  0.62324736]","[ 0.6091461   0.2658249  -0.74049221 -0.09974684  0.82899872  0.21326718
  0.9346516 ]","[ 0.69870108  0.35113679 -0.59568196 -0.18352864  0.83662926  0.17681983
  0.68498646]","[ 0.51578638 -0.1827853   0.76049581  0.34957126 -0.30509887  0.02535183
  0.65966409]","[ 0.85613782  0.20420803  0.43228191 -0.19611085 -0.35128516  0.1231883
  0.1491469 ]","[ 0.89449862  0.1219553   0.29288789  0.3149854  -0.2753245   0.03167117
  0.36495568]","[ 0.77233028  0.25539702 -0.56961799  0.11753149  0.55435216  0.66814133
  0.60260562]","[ 0.93226108 -0.34906465 -0.09363109 -0.0166245  -0.17416203 -0.25036011
  0.12649503]","[ 0.89753899  0.24042515  0.369328    0.01470822  0.07186047  0.2325868
  0.3377521 ]","[ 0.90006928 -0.14809704  0.1068522   0.39563262 -0.04450114  0.13413509
  0.00095925]","[ 0.8513248  -0.23433271 -0.30902444  0.35332443  0.31708968 -0.12134014
  0.17639325]","[ 0.30362278  0.03828954  0.94344593 -0.12750252 -0.35645309  0.1314291
  0.78545003]","[ 0.93670527 -0.32519057  0.11998932  0.04936497  0.39895505 -0.06417866
  0.39357619]","[ 0.6362327   0.41062741 -0.65305838  0.01038415  0.76206783  0.37462829
  0.84268873]","[ 0.81696125  0.31928776 -0.44643048 -0.17700134  0.63902063  0.3138404
  0.72121947]","[ 0.91571879 -0.12843081  0.25963938  0.27848161  0.22095475  0.23557824
  0.56313507]","[ 0.56893834  0.19712065 -0.78548914 -0.14303644  0.73690536  0.51969326
  0.91167573]","[ 0.75822414  0.00843315  0.63694526 -0.13901717 -0.19106329  0.02249014
  0.53786008]","[ 0.94653601  0.18498104 -0.19845335  0.17455045  0.36594336  0.70418309
  0.52912978]","[ 0.96606006 -0.15374498 -0.18278169  0.0983936   0.27932078  0.18833013
  0.05987632]","[ 0.92483927 -0.11400718  0.3543302   0.07826102  0.08357018 -0.18010981
  0.17007566]","[ 0.95100232 -0.05245777 -0.28825357  0.09875553  0.58676268  0.2980218
  0.33984728]","[ 0.71855483 -0.24431125  0.65108687 -0.00876729 -0.07601103 -0.16022967
  0.38395393]","[ 0.54362722 -0.3538498   0.75844864  0.06336736 -0.26976517 -0.11699281
  0.67221082]","[ 0.89374885  0.0130229  -0.21786594  0.39189007  0.32835187  0.17617391
  0.11117559]","[ 0.5537813  -0.19096443  0.80736837  0.0708179  -0.38769407 -0.03738558
  0.78084063]","[ 0.37431933 -0.18222122  0.76851135  0.48587115 -0.33413321 -0.03010615
  0.69738528]","[ 0.91590864  0.29067913  0.17381447  0.21541945 -0.32281141  0.23113517
  0.29920397]","[ 0.81460585  0.31429827  0.483621   -0.06119342 -0.08432279  0.31564561
  0.35647275]","[ 0.9402133   0.19279153  0.26724348  0.08608884  0.02855434  0.65157291
  0.23061647]","[ 0.9037916   0.21087505 -0.37207757 -0.0158348   0.64243175  0.36652672
  0.33306797]","[ 0.68604711 -0.11300297  0.67548307  0.24554493 -0.3360525  -0.02049887
  0.72294647]","[  9.74667018e-01   1.18619622e-01   1.63445868e-01   9.61199128e-02
   6.87838863e-04   3.02966959e-01   5.02715342e-01]","[ 0.25201063 -0.32933476  0.83891249  0.35249837 -0.4485444  -0.24944203
  0.66809137]","[ 0.80487013  0.05231671  0.59094615  0.01515512 -0.26462369  0.18113955
  0.58038589]","[ 0.78119666  0.05218036 -0.6153797   0.09119657  0.46330626  0.40134828
  0.2372944 ]","[ 0.93908213  0.29839532 -0.10963358  0.13063489  0.53640993  0.40024465
  0.3755214 ]","[ 0.87731166  0.0440372   0.44555373  0.17282028 -0.17199041 -0.05442937
  0.33710521]","[  8.96377601e-01  -6.19933977e-04   3.18438223e-01   3.08389219e-01
  -2.48265908e-01  -5.58834874e-03   4.44110644e-01]","[ 0.42112236 -0.16041603  0.89181989 -0.03974845 -0.27817461 -0.02958748
  0.66427523]","[ 0.82544233  0.24167497 -0.35045149  0.37070463  0.58569839  0.43564452
  0.66755196]","[ 0.98306171 -0.06734473 -0.143363    0.09220308  0.56594978  0.35383547
  0.48846566]","[ 0.80419685  0.36790229 -0.45337046  0.11122301  0.75083461  0.57196664
  0.82945934]","[ 0.87770177  0.4571669  -0.05309762  0.13348663  0.36636753  0.66324265
  0.30694488]","[ 0.63820759  0.23833425  0.72800349  0.07680348 -0.47621327  0.25341382
  0.64972553]","[ 0.7267081   0.06455425  0.66401714  0.16373552 -0.33415134  0.26717298
  0.64508415]","[ 0.90604253  0.27949594 -0.29237586  0.12443999  0.3219406   0.59759843
  0.58170277]","[  8.39358193e-01   3.27147832e-04  -4.71912093e-01   2.69771560e-01
   7.58880297e-01   2.46804433e-01   4.63112589e-01]","[ 0.91425975  0.09256482  0.08339869  0.38549387 -0.13543752  0.41160884
  0.45206617]","[ 0.64437583 -0.17126624  0.74053338 -0.08401178 -0.33525769 -0.1014021
  0.39893655]","[ 0.98076832  0.05106018 -0.18762205  0.01686185  0.28892111  0.19466446
  0.22055534]","[ 0.95939198  0.19814967  0.18359824  0.08121223 -0.10783259  0.42035534
  0.16974304]","[ 0.8128273   0.2442737   0.50231395 -0.16529622 -0.40334896  0.25517607
  0.36144675]","[ 0.73344223  0.05260446 -0.66084216 -0.15027611  0.88205954  0.13177614
  0.74683943]","[-0.36874936 -0.10658684  0.91384368 -0.13248727  0.70454685  0.58944478
  0.91052051]","[ 0.78071     0.46541889 -0.41409298 -0.04903219  0.84738849  0.18564264
  0.82127887]","[ 0.91612439 -0.17428832  0.35043622  0.08679946 -0.15142    -0.024777
  0.36806504]","[ 0.39881782 -0.04895867  0.82654796  0.39416476 -0.56569481  0.01741124
  0.81586727]","[ 0.45594452  0.24037781  0.85126842 -0.09836251 -0.53049582  0.28267121
  0.64617652]","[ 0.55626647 -0.22883074  0.79860816  0.02071479 -0.43605143 -0.01846078
  0.83325541]","[ 0.62180651 -0.10846852  0.76304796 -0.13910091 -0.64972743 -0.12111256
  0.56086371]","[ 0.92527518  0.04361352 -0.36205174 -0.10431796  0.59093814  0.34237406
  0.54890888]","[ 0.69986581 -0.01267511  0.64661402  0.30317898 -0.47849019  0.15079093
  0.56453382]","[ 0.12776488  0.19815021  0.96191037  0.13835127 -0.36041611  0.25833627
  0.88096593]","[ 0.91173592  0.32008753 -0.24967163  0.06281441  0.55419849  0.63268287
  0.53126722]","[ 0.92832271  0.28456501  0.09714897  0.21863616  0.34484141  0.48816181
  0.29096774]","[ 0.81584947 -0.17145651 -0.51481468  0.19989537  0.56024254  0.04097377
  0.26095444]","[ 0.96596575  0.16941398  0.03089914  0.19301378  0.1319756   0.32827448
  0.28854087]","[ 0.73302099 -0.2912779   0.61460819 -0.00970497 -0.29983503 -0.24301684
  0.55756228]","[ 0.92312574  0.11630505 -0.12998053  0.34266173  0.41826859  0.1224731
  0.15618641]","[ 0.75866961  0.46976447 -0.39045585  0.22646411  0.43878516  0.69150068
  0.40479616]","[ 0.88390116  0.01217354  0.45579552  0.104024   -0.2657361   0.21142175
  0.50212608]","[ 0.36754078 -0.39945196  0.76128127  0.35468681 -0.3620505  -0.2332125
  0.90285153]","[ 0.98930178  0.13215029 -0.03755013 -0.04907409  0.49617893  0.080724
  0.62412104]","[ 0.84889346 -0.10591328 -0.43352153 -0.28323373  0.77203799 -0.04477078
  0.51816321]","[ 0.81250875  0.05155172  0.3275312   0.47947395 -0.69621369  0.09884689
  0.36221564]","[ 0.73370158 -0.18409318  0.53088686  0.38203513 -0.13202162  0.10904817
  0.33340117]","[ 0.96001201  0.12133848 -0.25014348 -0.03289602  0.47534238  0.02551833
  0.14287203]","[ 0.61880751 -0.22836747  0.62255124  0.421136   -0.27123313  0.02786193
  0.46767732]","[ 0.54322693 -0.11781222 -0.81128754  0.18121069  0.79816459 -0.12389518
  0.69346066]","[ 0.97340873 -0.08317738 -0.20769255 -0.04920138  0.47143745  0.23666513
  0.45104656]","[ 0.92042363 -0.10797981  0.37557135 -0.01033694 -0.0763785   0.03337003
  0.22423889]","[ 0.88470224  0.07070719  0.43112704 -0.16257897 -0.10399815  0.10577708
  0.52134761]","[ 0.85357585  0.42938233 -0.27445765  0.10822239  0.79392175  0.47374583
  0.78133718]","[ 0.70575673 -0.03713461  0.69329019 -0.14098644 -0.29490854 -0.05683202
  0.26816793]","[ 0.83093196  0.15149392 -0.45268546  0.28579282  0.75736452  0.45646335
  0.56625319]","[ 0.92112834  0.27400022 -0.1069096   0.25498392  0.18856057  0.81693786
  0.40344679]","[ 0.82541106 -0.00767744  0.56269064 -0.04490978 -0.14625458  0.08974743
  0.26047342]","[ 0.85862819  0.10522661 -0.42088466  0.27302213  0.47939775  0.40199162
  0.52409251]","[ 0.9639037  -0.00520243 -0.07310243  0.25596607  0.33023464  0.16691377
  0.49603175]","[ 0.78587174  0.50779049 -0.3364185   0.1066631   0.50000222  0.56052498
  0.61549367]","[ 0.82581567  0.4708521  -0.30518114  0.05649105  0.39919229  0.48292359
  0.39513742]","[ 0.88857797  0.45433108 -0.00126367  0.06333134 -0.31801572  0.58752689
  0.36956041]","[ 0.69003341  0.04689346 -0.72224819  0.00352823  0.73727645  0.45723081
  0.59651485]","[ 0.97379898  0.11148413  0.04709988 -0.19253164 -0.29379523  0.08129079
  0.20172038]","[ 0.9402962   0.00745314 -0.01670469  0.33986536  0.10902898  0.22414679
  0.16080164]","[ 0.92374765 -0.22355145  0.20735187  0.23177625  0.31684674 -0.08525649
  0.11258243]","[ 0.82391185 -0.29136755  0.33102959  0.35594048  0.17484089  0.16694991
  0.27103295]","[ 0.94288819 -0.13361337 -0.24125127  0.18683454  0.36217408  0.11041203
  0.0894208 ]","[ 0.90814162  0.31876464 -0.14618887  0.22868476  0.1382357   0.33319628
  0.28206064]","[ 0.94359436  0.01109465  0.30327412 -0.13240618 -0.11252776  0.11828081
  0.35089339]","[ 0.57965143  0.00435614  0.80577066  0.12132145 -0.52472908 -0.01172785
  0.36679323]","[ 0.9519296   0.13673299 -0.25838585  0.09149254 -0.04132185  0.56894147
  0.19755923]","[ 0.98008118 -0.13147919 -0.14543129 -0.03168339  0.403463   -0.05768134
  0.32291142]","[ 0.86271788 -0.07930154 -0.46008197  0.19430312  0.38182521  0.36440408
  0.47148302]","[ 0.9291644  -0.18188234  0.21279259  0.24143663  0.23042667 -0.1930982
  0.11918443]","[ 0.83758717  0.25554892 -0.47376893 -0.09319595  0.53652562  0.63274725
  0.49574163]","[ 0.56290275  0.0536232  -0.81804167 -0.10522776  0.84726875 -0.01524558
  0.72702838]","[ 0.86359558  0.36256082  0.14810133  0.31751901 -0.07446498  0.38364954
  0.56335201]","[ 0.84734132  0.15339281 -0.49643724  0.10969685  0.71200391  0.05906881
  0.78958931]","[ 0.84940257  0.14403595 -0.49953959  0.09071452  0.50040577  0.65747258
  0.62839933]","[ 0.42023059  0.07712976  0.85867484 -0.28308088 -0.43173613  0.09285763
  0.57107236]","[ 0.79123633 -0.12661462 -0.5002193   0.32816835  0.51336666  0.17614178
  0.24272535]","[ 0.98172568  0.1195126  -0.09237281  0.11575272  0.23071704  0.32935323
  0.27814383]","[ 0.78869307 -0.10362266  0.59312609 -0.12420557 -0.53824581  0.08415059
  0.18301862]","[ 0.64432024  0.38205307 -0.63415961  0.19164671  0.63770866  0.4373271
  0.67750307]","[ 0.73109509 -0.20372299 -0.64932132  0.0487723   0.76190523  0.23485655
  0.80601547]","[ 0.86051717 -0.10117857  0.48623226 -0.11336351 -0.39746541 -0.05781207
  0.58139136]","[ 0.8882148   0.11753904  0.42436523  0.13104655  0.06386071  0.25551684
  0.51545561]","[ 0.64393197  0.51695875 -0.55461525  0.10250459  0.50151158  0.66403178
  0.61015419]","[ 0.94264383 -0.1367544  -0.29015445  0.09236473  0.39534513 -0.1099493
  0.50926391]","[ 0.82325004 -0.12742673  0.54781288 -0.07696008 -0.30189729 -0.02017304
  0.40403978]","[ 0.92527004 -0.14847815  0.22555148  0.26637591 -0.02165814  0.15995376
  0.33820076]","[ 0.97808332 -0.19815222 -0.05596484 -0.0309297   0.53872342  0.00404425
  0.60241877]","[ 0.96814517  0.17164139 -0.17939251 -0.03244218  0.1610323   0.13986503
  0.04615633]","[ 0.6820682   0.39404527 -0.61601192 -0.00637239  0.75979243  0.42784949
  0.60681185]","[ 0.98627015  0.08424505 -0.13734041 -0.0362156  -0.25253596  0.00623616
  0.08798508]","[ 0.99511692 -0.09248813  0.03422983 -0.00407122 -0.09051171  0.15216497
  0.08823332]","[ 0.32599581  0.0627649   0.93227733 -0.14368812 -0.46326006  0.10207331
  0.92822103]","[ 0.95579077  0.02875558  0.12046894  0.2666915   0.32068953  0.45039547
  0.18993598]","[ 0.95778482 -0.02531872 -0.2216566  -0.18131617  0.49985882 -0.00561418
  0.15946389]","[ 0.74535181  0.237578   -0.60066965  0.16493435  0.75385981  0.45013092
  0.6328239 ]","[ 0.93936159  0.15121244 -0.06962125  0.29981241  0.10822829  0.23979513
  0.12179047]","[ 0.65130232 -0.01717784  0.62070732  0.43615666 -0.70036163  0.08474345
  0.44188234]","[ 0.9265403  -0.1509966   0.18599656  0.29004893  0.26022804  0.25273713
  0.58747767]","[ 0.92287438 -0.19742576 -0.22367797  0.24350384 -0.0857758  -0.16236689
  0.07740882]","[ 0.97013446 -0.09457864  0.22212033 -0.02359154 -0.03430707  0.10686986
  0.11081226]"
