"[ 0.58245256 -0.05760023 -0.0994081   0.80470445  0.50547456 -0.2286098
  1.82988898]","[ 0.65549423  0.28529518 -0.08081909 -0.69455183 -0.26560017 -0.56879854
  1.11874574]","[ 0.07757802  0.54871059  0.7613761  -0.33645917 -0.38088116 -0.01669642
  1.03502671]","[ 0.16545427 -0.61210793  0.66064286 -0.40187034  0.2500252  -0.71716053
  1.44833834]","[-0.06796338  0.11534936  0.5797761   0.80370092 -0.38835372 -0.33593477
  0.94746112]","[ 0.52955467 -0.23599178 -0.81435693  0.0265051   0.31272963 -0.52904858
  1.35038259]","[-0.31002208  0.03963595 -0.38963501  0.86631395 -0.26939706 -0.33815768
  1.85483978]","[ 0.08404494  0.86867429  0.48701023  0.03409489 -0.33409993 -0.46503155
  1.02071043]","[-0.34165443 -0.49005223 -0.17037312  0.78364154  0.21744396  0.11690242
  1.75895473]","[ 0.03048589 -0.5104506  -0.60349356  0.61180578 -0.26844389 -0.2695575
  1.29545072]","[ 0.70112969  0.14645416 -0.22860546  0.65932381  0.62541987 -0.087717
  1.65575994]","[ 0.21349933  0.26211859  0.14626923  0.92968661 -0.24285682 -0.20511051
  0.99247955]","[ 0.62111064  0.29702409  0.54780092 -0.47530244 -0.61527608 -0.59241126
  1.37558978]","[ 0.04409361  0.77186186 -0.60413338  0.19315251  0.55956377  0.00791832
  1.51986479]","[-0.18870817  0.05189669  0.91926387 -0.34154048  0.33972269 -0.66531329
  1.55444108]","[ 0.61191565  0.35864629 -0.03046916 -0.70427531 -0.14141994 -0.55732513
  1.20941365]","[ 0.92900007 -0.17558451 -0.0934526   0.31208261  0.30030058 -0.73392437
  1.58536528]","[-0.48208434  0.01897953  0.20068942  0.85261845 -0.34601526 -0.71403866
  1.43859853]","[ 0.98542976  0.042866    0.06657444 -0.15052754 -0.35838404 -0.76305019
  1.40106709]","[-0.01303177 -0.5456645   0.26997607  0.79321709 -0.16849363 -0.10138397
  1.18263136]","[ 0.8796334  -0.32331347 -0.11759035 -0.32846003  0.17022951 -0.86916799
  1.58657157]","[ 0.49274675  0.75810267 -0.3917924   0.17023424 -0.22629327 -0.11484849
  0.94205051]","[ 0.87424157  0.02477694 -0.29289059  0.3863973  -0.00497976 -0.86280286
  1.30017698]","[  3.24032792e-02   7.26651159e-01  -3.38620858e-01   5.96878577e-01
   1.38739775e-03  -2.82847552e-01   1.83097249e+00]","[ 0.94682681 -0.09481076 -0.2050795  -0.22906836 -0.0223769  -0.7886361
  1.23745062]","[-0.10233626  0.3772476   0.25339867  0.88487324 -0.35155907 -0.57868498
  1.22922211]","[-0.15279711  0.5856773   0.79461171 -0.04719498 -0.25149927 -0.51491117
  1.21081469]","[ 0.97416715  0.21709156 -0.0299842   0.05450285 -0.21357185 -0.87000598
  1.47385338]","[-0.0158953  -0.29339857  0.64069432  0.70934858  0.15203899 -0.09033355
  1.08135918]","[ 0.69179244 -0.56484516 -0.24386664  0.37802411  0.21024562 -0.48220507
  1.86189978]","[-0.40024044  0.8956993  -0.17862817  0.07498222  0.39314907 -0.13060779
  1.97263628]","[ 0.08899623  0.88137283 -0.3695558   0.28051758 -0.02303588 -0.33083577
  1.165404  ]","[ 0.61519249 -0.19127214  0.67026439 -0.3683732  -0.47952871 -0.6683638
  1.62675204]","[-0.36148714  0.35387467  0.81689646 -0.27709192 -0.32715792 -0.72185326
  1.26297057]","[-0.09790586 -0.2042791   0.4291571   0.87436187  0.43527881 -0.44574961
  1.47070385]","[-0.25293953  0.93724158 -0.1438259  -0.19212996 -0.04970751 -0.10050803
  1.05882086]","[ 0.7675973   0.58764821 -0.17942929 -0.1823982   0.0688051  -0.6429462
  1.07524458]","[-0.33404519  0.5233797   0.75659673  0.20505824  0.20959258 -0.48875715
  1.586463  ]","[ 0.28243739  0.13751898  0.68618583 -0.65609958 -0.03045501 -0.63356808
  1.97613786]","[ 0.54639602  0.58579017  0.49348463  0.3387834  -0.10240306 -0.76688223
  1.27350152]","[ 0.91990547 -0.10810054  0.07250961 -0.36990613 -0.0784548  -0.78394993
  1.43311166]","[ 0.05321985  0.08864658 -0.48545716  0.86812486 -0.01124608 -0.63396347
  1.90386948]","[ 0.20166424  0.32706466  0.79842821  0.46354357  0.24272759 -0.18981816
  1.12817907]","[ 0.0907611   0.92314098  0.35160189 -0.1262904  -0.26969031 -0.55001349
  1.47359475]","[ 0.57057588  0.00862271 -0.6828197   0.45620837 -0.11951138 -0.76439415
  1.85298182]","[-0.1962199   0.2238242   0.84511268 -0.44405522 -0.26074691 -0.79594793
  1.51281705]","[ 0.25786516  0.95244741 -0.05181809 -0.15383228  0.40583519  0.10895606
  1.1261664 ]","[ 0.23110088  0.53986029  0.66501959 -0.46140243 -0.49876245 -0.59209657
  1.24810155]","[ 0.03783366  0.91015027 -0.41226854  0.01515749 -0.11624674 -0.1748902
  1.20959505]","[ 0.83832173 -0.02204288  0.49245946 -0.23283999 -0.05008013 -0.89142234
  1.6099834 ]","[-0.24520799 -0.50456097  0.80271892 -0.20232052  0.05293533 -0.60621167
  1.65063229]","[ 0.27288408  0.55115512  0.68165316 -0.39637266 -0.31270095 -0.74857983
  1.452267  ]","[ 0.07741228 -0.25471537  0.96018831 -0.08465123  0.47951846 -0.3700274
  1.83050317]","[ 0.91188395  0.02252461  0.37498817 -0.16536076 -0.15762723 -0.86999846
  1.32067181]","[ 0.0252362  -0.10051814 -0.01193538  0.99454351 -0.22219002 -0.45066578
  1.57855498]","[ 0.0734927   0.907202    0.05151861 -0.41100995 -0.03037057 -0.27499818
  0.95692281]","[ 0.79887665 -0.58577317  0.13339881 -0.02950661  0.04266633 -0.45108971
  2.05744324]","[-0.113628    0.72592024 -0.52631702  0.42792391 -0.13321344 -0.56683288
  1.9824753 ]","[-0.46934796 -0.07074334  0.5927614   0.65064721 -0.40656403 -0.39816469
  0.94869305]","[-0.03129316 -0.50519567  0.7046476   0.49726234 -0.2705936  -0.17614285
  1.29980339]","[ 0.02094446  0.55482328  0.7181594   0.41949915 -0.33976411 -0.20376775
  1.88879505]","[ 0.39551327  0.79203806  0.39291897  0.24871601 -0.37050153 -0.14510538
  0.91137211]","[ 0.60149938  0.07649729  0.77595822  0.17388359  0.08146959 -0.88237688
  1.38629675]","[ 0.83279592 -0.09458194 -0.23270164  0.49331041  0.53626568 -0.06384444
  1.47671221]","[ 0.17237045  0.72124045 -0.27526046 -0.61182704  0.35990901 -0.58356083
  1.34998496]","[-0.30986675 -0.21809301  0.91993364  0.10069822 -0.18696246 -0.84146699
  1.73487628]","[-0.47127471 -0.28516735 -0.26795068  0.79043163 -0.40856475 -0.17181187
  1.10356291]","[ 0.58282238  0.54446635  0.01649772 -0.60299444 -0.03152128 -0.17860333
  1.77909002]","[-0.4055183   0.44498784  0.79105288  0.1085176  -0.49786807 -0.49275811
  1.29669331]","[ 0.68674775  0.56962131 -0.19595194  0.40683157  0.14023583 -0.79091843
  1.34961765]","[ 0.19655548  0.35520551  0.89131938 -0.20185329  0.14774093 -0.55464095
  1.94999288]","[-0.45724338  0.66316144 -0.59250579  0.00907151  0.43806226 -0.78654333
  1.38719864]","[ 0.81770479  0.51511112  0.05234942 -0.25155308 -0.14450053 -0.81603508
  1.5358637 ]","[ 0.69031506  0.42940897 -0.30601342  0.49540775  0.10864737 -0.66676635
  1.24253519]","[ 0.30921047  0.54848702  0.75913144  0.16513733 -0.29840685 -0.58929954
  1.82015499]","[ 0.20247464  0.84989335  0.23125242  0.42802761 -0.10730566 -0.5213519
  1.23619635]","[ 0.67813701  0.05570189 -0.22340807  0.6979372   0.03095287 -0.34014016
  0.96171532]","[ 0.86516079 -0.21346932  0.45318041 -0.02356223 -0.00369625 -0.79049292
  1.41861582]","[ 0.12586812  0.59509541  0.1780304   0.77351396  0.25448701 -0.04366516
  1.55092195]","[ 0.49787079 -0.54489408  0.62571303  0.25238526  0.45213303 -0.52476534
  1.20294238]","[-0.25222344 -0.48301775  0.82869901  0.12780901 -0.3415307  -0.78006774
  1.4778574 ]","[ 0.14579804 -0.52684125  0.82374379  0.15042403  0.14972024 -0.42992969
  1.82173989]","[ 0.58992415 -0.47061024  0.63219341 -0.17563314  0.25177044 -0.7153436
  1.51768864]","[-0.48378221  0.6041925   0.12936926  0.61981432 -0.07581674 -0.30215989
  2.1097103 ]","[-0.41267849  0.2178404   0.34266173  0.81536799 -0.52734318 -0.65195855
  1.46037214]","[ 0.63170822  0.11018163 -0.42961155  0.63579765  0.21773792 -0.77149207
  1.73614686]","[  5.76369298e-01  -2.49328901e-01   9.66389883e-04   7.78224002e-01
   4.43856733e-01   7.56734045e-02   1.77828849e+00]","[-0.25001672 -0.5866706   0.71289353 -0.29170544  0.1590847  -0.54411501
  1.8024764 ]","[-0.18322692  0.51096693 -0.37463109  0.75165965  0.42491464 -0.10944487
  1.88246078]","[ 0.64658919 -0.42650629  0.01277328  0.63233824  0.35707076 -0.66757628
  1.37468954]","[ 0.15599859  0.70561884  0.68741013 -0.07234503  0.01114851 -0.38741171
  1.22587544]","[-0.14995878  0.22407189  0.92845422 -0.25549346 -0.04186135 -0.65423153
  1.60443411]","[-0.16775555  0.96215708 -0.19207891 -0.09600789  0.55300596 -0.24893689
  1.5621914 ]","[ 0.57180966  0.45950804  0.66725603 -0.12905603 -0.24570981 -0.82155667
  1.54894632]","[ 0.78224606  0.07530885 -0.1841083   0.59035905  0.12040464 -0.71539036
  1.5991466 ]","[ 0.84972792 -0.39778976 -0.32022263 -0.13108488 -0.24913715 -0.78687104
  1.41582226]","[ 0.59841458  0.0891796  -0.20112322  0.7703872   0.36883963 -0.51426324
  1.64793018]","[ 0.46297972 -0.36749844  0.27561633  0.75804374  0.40482145  0.09417135
  1.40606519]","[ 0.14333899  0.88179816  0.32293082 -0.3124126  -0.30501095 -0.01276388
  1.09715968]","[-0.1039859   0.65337479  0.73778712  0.13400926 -0.3046495  -0.17204887
  1.17783665]","[ 0.68755629 -0.52400732 -0.41177159 -0.28831724  0.00809804 -0.7351223
  1.43372202]","[-0.40596984  0.89216023  0.06636185 -0.18664063  0.54875183  0.07352705
  1.47335898]","[-0.29649495 -0.07897857 -0.54667608  0.77910102  0.3304017  -0.47107265
  1.61520625]","[ 0.8945135   0.43589315  0.07893644  0.06009824 -0.41932206 -0.47068179
  1.03190041]","[-0.4506816  -0.33856828  0.63836286 -0.52416645 -0.00678523 -0.75339419
  1.25599803]","[ 0.80331072  0.46699366  0.13952306 -0.34226031 -0.18916905 -0.77092485
  1.63937136]","[-0.45238524 -0.32861389  0.698954    0.44589664 -0.11358524 -0.65265911
  1.28476587]","[ 0.63052316 -0.46041929 -0.55125169 -0.29423834 -0.13929338 -0.4271297
  1.98430177]","[ 0.20920519 -0.42499581  0.61426141  0.63110592  0.58602634 -0.46273936
  1.23458406]","[ 0.79446303  0.5585702   0.18023311 -0.15602515 -0.0738047  -0.80895421
  1.26509473]","[ 0.94435053  0.10333028  0.00926426  0.31215238 -0.02108206 -0.67989153
  1.61782576]","[ 0.85175962  0.26361349 -0.40254118  0.2073019   0.21489574 -0.65814854
  1.89683205]","[-0.15284398  0.9062712  -0.30124773 -0.25408865  0.18936194 -0.60140768
  1.48883778]","[ 0.8082653   0.05477894  0.55129521 -0.19944938 -0.03303091 -0.91097338
  1.34005723]","[-0.16299161  0.38554039  0.87195514  0.25394207 -0.50662716 -0.36587254
  1.30345771]","[ 0.47212598 -0.24339077  0.83926112 -0.11618421  0.28656141 -0.73512909
  1.86452553]","[-0.11942327 -0.50845968  0.85276241  0.00176435  0.10586588 -0.89461476
  1.23196829]","[ 0.23512685 -0.31566837  0.63884577  0.6610181  -0.15116916 -0.20833213
  0.96522512]","[-0.41660717  0.43170236  0.67648452  0.42713024 -0.53631424 -0.44858558
  1.09776064]","[ 0.93189276 -0.34246203 -0.08436754 -0.08472173  0.09181677 -0.7717345
  1.74758353]","[ 0.92270638  0.0767341   0.23732969  0.29393781  0.25448862 -0.59524177
  1.18323326]","[ 0.50661953 -0.13122868  0.61330301 -0.59158694 -0.07761456 -0.59529498
  1.30921287]","[-0.40987058  0.57675459  0.7018483  -0.08227526 -0.07876246 -0.87812708
  1.43939728]","[ 0.95903228 -0.12317005  0.22489162 -0.12045739 -0.16119723 -0.81731059
  1.83256497]","[ 0.58595948  0.31882036  0.74474857 -0.01883165 -0.12116789 -0.7568055
  1.82604261]","[ 0.52557311  0.29147257 -0.53026549 -0.59802605 -0.22633873 -0.45769009
  1.69904402]","[-0.39069323  0.21923729  0.71952463 -0.53063935  0.30441092 -0.3565877
  1.6315539 ]","[-0.41558668  0.34214872  0.84266006 -0.0120826  -0.06617089 -0.34842372
  0.95022232]","[ 0.02188613  0.99640432 -0.02685833  0.0773179   0.39964192 -0.2297955
  1.39345681]","[ 0.5562134  -0.64153997  0.02616905 -0.5276062  -0.141107   -0.43105592
  1.91757959]","[-0.15439656  0.09947438  0.70554489 -0.68445085  0.3513465  -0.18721173
  1.43126026]","[ 0.02438064  0.82099164  0.53881891 -0.18722311 -0.38700667 -0.61704196
  1.34336066]","[ 0.21120447 -0.32263435  0.9099009   0.15290555  0.08931386 -0.58978722
  1.67958849]","[-0.2232908  -0.04926524  0.95374709  0.19514261  0.15916396 -0.85441545
  1.29446756]","[ 0.87373939 -0.45526248 -0.16251983 -0.05387823 -0.05219292 -0.87420978
  1.43108485]","[ 0.40693463 -0.5759433   0.38643301  0.59444348  0.32363453 -0.68748675
  1.56967302]","[-0.12752563  0.47167482  0.66301976  0.56715507  0.19940376 -0.00549282
  1.2494889 ]","[ 0.68417154 -0.00620642  0.70294599 -0.19426198 -0.09080316 -0.63142784
  1.72777081]","[ 0.84495402  0.13983971  0.49947497  0.13046959 -0.12910743 -0.60411291
  1.80122791]","[ 0.01074527 -0.06082747  0.79546613 -0.60284176  0.15693591 -0.80919245
  1.48902242]","[ 0.75502784 -0.45843919  0.24151947 -0.40178953  0.29480657 -0.40643514
  1.9628037 ]","[-0.10905122  0.15229757  0.75815193 -0.62459501  0.20930357 -0.23580643
  1.99959805]","[ 0.66797295  0.09597555  0.66114269  0.32785847 -0.14720049 -0.43108993
  0.82212961]","[ 0.05310308 -0.66949158  0.07396963  0.73721746 -0.37549098 -0.04594342
  1.27953008]","[ 0.38633561  0.64680435 -0.52567171  0.395042    0.490077   -0.53709355
  1.81471216]","[ 0.55103775  0.40467188  0.7078696   0.17753507 -0.13360403 -0.8038718
  1.12571048]","[ 0.69646691 -0.17916952  0.63943241  0.27195279  0.25920305 -0.49916464
  1.51730709]","[ 0.60213899 -0.16662437 -0.18418233  0.75877653  0.20097399 -0.00765022
  2.00660603]","[-0.37985762  0.92435158  0.03263615 -0.01473875  0.24007635 -0.02621462
  1.44058754]","[-0.39900988  0.68792424 -0.0145757  -0.6060849  -0.06006278 -0.30388404
  1.8001702 ]","[ 0.77106659 -0.44688914  0.29408568 -0.34534046 -0.35868889 -0.47558986
  1.26733166]","[ 0.93227509 -0.00538736  0.32564799 -0.15744055  0.34827318 -0.69258627
  1.39804921]","[ 0.58829797 -0.1968144   0.78431969  0.00349527 -0.28018924 -0.61183136
  1.32087974]","[ 0.84837126  0.31401344  0.13577803 -0.40401248 -0.06613828 -0.93107561
  1.33704056]","[ 0.79296885  0.3164027  -0.26353526  0.4490422   0.46483233 -0.42385979
  1.42225392]","[ 0.56959483 -0.01438278 -0.17256373 -0.80347783 -0.64757911 -0.36705
  1.38664059]","[-0.25421897  0.72191453 -0.57346777 -0.29214182 -0.15981749 -0.42476114
  1.11213103]","[ 0.04470965  0.87241892  0.27796046 -0.39953005 -0.17167915 -0.6469192
  1.47325085]","[ 0.7896204   0.58359953  0.16654674 -0.09040691  0.07469171 -0.75790011
  1.25041798]","[ 0.28594264 -0.10562041  0.69633381  0.64976947  0.51626934 -0.26407235
  1.03677143]","[-0.22042574 -0.58931732  0.72675795 -0.27557297  0.19656726 -0.62174987
  1.57685698]","[ 0.15232108  0.27302236  0.0660569   0.94757246  0.27578753 -0.47660319
  1.506707  ]","[ 0.73858489  0.48230125  0.38650744  0.26923942 -0.17510283 -0.53611098
  1.48928238]","[-0.07190724  0.63545453 -0.54221921  0.5450002   0.3287083  -0.64662926
  1.77901338]","[ 0.75931621 -0.10819776 -0.22497302 -0.60093201 -0.36373548 -0.58421345
  1.88069879]","[ 0.00874341  0.74359201 -0.19571626  0.63928837  0.28882212 -0.45908027
  1.79109519]","[-0.19095096  0.66709216  0.4801489   0.5366403  -0.51278342 -0.55381167
  1.53303414]","[ 0.28316466  0.26680524 -0.41993661  0.81993048  0.47527614 -0.44573103
  1.71202906]","[ 0.57424149  0.10956203 -0.61144347  0.53327268  0.3047056  -0.49590762
  1.73186235]","[ 0.65143548  0.05744413  0.63123189 -0.41698716  0.00531796 -0.92081241
  1.50742348]","[ 0.07908638  0.52279201  0.8475854  -0.04508704 -0.14152989 -0.84269621
  1.25452364]","[  6.50091503e-01  -8.19311307e-02  -7.52372589e-01   6.78514173e-02
   1.20800050e-03  -8.24717530e-01   1.49140712e+00]","[ 0.16005622 -0.44032806  0.08214574  0.87962792  0.31220345 -0.19302718
  1.76475215]","[-0.37212849  0.68263328  0.59898202 -0.19171001 -0.25053085 -0.73743533
  1.53216086]","[ 0.55941311  0.40513944 -0.1654889   0.70394064  0.4332381  -0.40184595
  1.80457962]","[-0.14023371 -0.11033566  0.10321125  0.97852337  0.15003965 -0.19256739
  1.66817222]","[ 0.05738     0.8986902  -0.08145947  0.42711569  0.14230119 -0.4469528
  1.29029719]","[ 0.87450405 -0.18103928  0.02055645 -0.44949402 -0.45635927 -0.67995805
  1.33041737]","[ 0.07202782 -0.44945994 -0.28091184  0.84491792 -0.08431678 -0.02755678
  1.95699944]","[ 0.22111834  0.81232162  0.39426095 -0.36850858 -0.31104837 -0.59327096
  1.42623291]","[ 0.64024249 -0.01601509  0.19569713  0.74265449  0.2233559  -0.83019041
  1.45884407]","[ 0.19479052 -0.11409167  0.96201784  0.15349731  0.01896858 -0.6697004
  1.85711333]","[ 0.69875938  0.31369115 -0.56487711 -0.30699681  0.20599812 -0.84280177
  1.48175685]","[-0.26952085 -0.58440802  0.6939436   0.32290566  0.20046038 -0.58032886
  1.14266728]","[ 0.54524756 -0.36430789 -0.21471631  0.72379677  0.1554033  -0.21816287
  1.16952918]","[-0.01355992  0.64387927 -0.5579373  -0.52339429  0.26975316 -0.67388814
  1.48042033]","[ 0.48572573 -0.3407729   0.47215093  0.65193392 -0.08751224 -0.64361076
  1.57137198]","[ 0.86686033 -0.427794   -0.0450309   0.25202713  0.39445992 -0.52877319
  1.75925296]","[ 0.58853196 -0.34135802  0.2932409  -0.67165066 -0.08146978 -0.45642784
  1.92780713]","[ 0.60131318 -0.41495696 -0.48918387  0.47637414  0.10794733 -0.77910606
  1.84508831]","[ 0.76354406 -0.41699954 -0.19032033 -0.45485164  0.04289456 -0.81437594
  1.31353112]","[ 0.63056295  0.73016791 -0.25680485 -0.05741472  0.12691348 -0.80671379
  1.16509764]","[ 0.81466861  0.11841654  0.13215945 -0.55211092 -0.41351617 -0.47447521
  1.5443908 ]","[ 0.31186677  0.17391344  0.86281896  0.35782214  0.39354071 -0.23117223
  1.47370207]","[ 0.62293668  0.66790654  0.36936997 -0.17151259 -0.0174909  -0.81559772
  1.48023653]","[ 0.44825771  0.69896022  0.5459413   0.11165898 -0.46966493 -0.07994773
  1.14572339]","[ 0.25117993  0.72090749  0.16651373  0.62407868  0.24062344 -0.18603471
  1.82446048]","[ 0.34826878  0.15871519  0.91062613  0.15581526 -0.30136915 -0.63691169
  1.14336284]","[-0.2132202  -0.39312745  0.83426774 -0.32246751  0.32833601 -0.51679873
  1.80923376]","[ 0.72918623  0.50678462  0.45045708 -0.09244028 -0.3272915  -0.65796731
  1.38007438]","[-0.21619564  0.18978791  0.92795304  0.23694546 -0.06464156 -0.92770103
  1.459741  ]","[ 0.22956688  0.64742205 -0.58771468 -0.42747537  0.57088869 -0.46431801
  1.28837869]","[ 0.11110587  0.4075931   0.90629917 -0.01204866 -0.29472741 -0.6421808
  1.11698225]","[ 0.65215661 -0.31235212  0.63315083  0.2761303   0.20722618 -0.40791576
  1.04462696]","[ 0.92867613 -0.24828466 -0.2682778  -0.06278854  0.48748003 -0.65803122
  1.67533599]","[ 0.73900782 -0.35871302 -0.42128201 -0.38433564  0.13980054 -0.27966272
  1.22996686]","[ 0.84154967  0.32828554  0.12910411  0.40909031 -0.25773991 -0.69276501
  1.36342583]","[ 0.00257352  0.74677064  0.62454856  0.22861776 -0.31886764 -0.12085882
  0.9797886 ]","[ 0.52648366 -0.44304039  0.4257277   0.58761049  0.31527587 -0.65577085
  1.59878381]","[ 0.28536788 -0.45354582  0.34030789  0.77269134  0.24238056 -0.25987732
  1.73519626]","[ 0.02998785  0.18505908  0.9381125  -0.29120233 -0.22416401 -0.87162816
  1.40998927]","[-0.24258111  0.11751293  0.92238584  0.27667576  0.0184268  -0.84747857
  1.28616261]","[-0.21118453 -0.24245662 -0.61551904  0.71954999 -0.20146432 -0.76422656
  1.58689456]","[-0.13101227  0.2958442   0.77213525 -0.54691786 -0.1249208  -0.30080481
  1.98425454]","[ 0.89641934 -0.24034969  0.02652577 -0.37143073 -0.45686736 -0.28959281
  1.76354265]","[ 0.214666   -0.20509953  0.94051699 -0.16516801  0.13114941 -0.8313587
  1.27062105]","[ 0.76020922 -0.30927729  0.20800712  0.53213019  0.38444565 -0.33336136
  1.53480569]","[ 0.73332833 -0.03549606 -0.67704313 -0.05081522 -0.2611462  -0.72252978
  1.25482629]","[ 0.93864911 -0.28825228 -0.01690753 -0.18858048  0.34796796 -0.78614742
  1.36108536]","[ 0.29961696  0.59572705  0.64416411 -0.37468861 -0.29090183 -0.69794218
  1.58475386]","[ 0.66459497  0.53123237 -0.31967728 -0.41702774 -0.10404858 -0.76355977
  1.63583522]","[ 0.63387043  0.68459093  0.33746396  0.12514635 -0.16057571 -0.76489082
  1.08776992]","[ 0.14860946  0.70008241  0.17999706  0.67483399  0.18702412 -0.16725887
  0.88360733]","[ 0.19863903  0.07298089 -0.02506908  0.97703013  0.37687384 -0.17677927
  1.03787467]","[ 0.36635557  0.77781451  0.51017403  0.02259739  0.10470119 -0.21723035
  0.85073775]","[-0.01159844 -0.23028061  0.26281286  0.93689152  0.52473448 -0.25110016
  1.22087563]","[ 0.86252297 -0.46988539  0.18260743 -0.0437763   0.44965018 -0.69612596
  1.32510188]","[ 0.54419611  0.03324659  0.8373001  -0.04091212 -0.02780981 -0.79334234
  1.60091722]","[ 0.5913651   0.18716775 -0.72793079 -0.29218542 -0.13360743 -0.83391851
  1.24006653]","[ 0.21643894 -0.65386715 -0.28346699  0.66727685 -0.03372109 -0.61256465
  1.67522583]","[ 0.91997337 -0.01476334 -0.34360209 -0.18806552  0.15387244 -0.80079614
  1.35059728]","[ 0.64348148 -0.36427426  0.65524386 -0.15456824  0.0964563  -0.95154515
  1.59891399]","[-0.20400844 -0.57164215  0.39299434  0.6907686  -0.18561418 -0.42648939
  1.2886993 ]","[ 0.95550546 -0.13317643 -0.25026282  0.08149768 -0.12355583 -0.68769814
  1.59061873]","[ 0.72969625  0.38611801  0.11708401 -0.55203949 -0.22513349 -0.3438133
  0.88585823]","[ 0.52018476 -0.09226157 -0.7976966  -0.29081911  0.40698713 -0.60241083
  1.20430993]","[ 0.18521588  0.35849553  0.70135393 -0.5876042  -0.16042262 -0.44709675
  1.8034244 ]","[ 0.90812087 -0.12663079 -0.32169128 -0.23621143  0.30993437 -0.78817675
  1.65493359]","[-0.22870178  0.83271668  0.49121128 -0.11397329 -0.20244493 -0.49638451
  1.22038654]","[ 0.76312629  0.17171445 -0.57279357 -0.24507128 -0.16776062 -0.73925357
  1.85164304]","[-0.17688321 -0.26694644  0.85412618  0.40978091  0.17083698 -0.70880479
  1.58063605]","[ 0.61298848  0.52683679  0.47975469  0.34135548 -0.02302777  0.04666942
  0.90662522]","[ 0.32594299 -0.23943237  0.72401256  0.55878361  0.28715004 -0.78080723
  1.50462712]","[ 0.05325179 -0.0140801  -0.00884909  0.99844263 -0.33901145  0.12497299
  1.13180014]","[-0.01488419 -0.31326274  0.94854155 -0.04374746  0.17944758 -0.59488449
  1.28310461]","[ 0.0972962   0.30758771  0.94652688  0.00318184  0.32548668 -0.66165439
  1.7039433 ]","[ 0.95392487  0.08075852 -0.26918199 -0.10510216  0.13920276 -0.62113305
  0.98596296]","[ 0.83910065  0.08518146  0.24182227  0.47976683  0.29114086 -0.56218935
  1.19662844]","[ 0.46422356  0.5614886   0.61473461 -0.30220589 -0.09692722 -0.71172194
  1.05662586]","[-0.25205515  0.73215912 -0.42427584  0.4694691  -0.14116249 -0.16516433
  1.17914476]","[ 0.01589    -0.03553046  0.77252833  0.6337863   0.085064   -0.82697284
  1.4011021 ]","[-0.0598292   0.5926965   0.25565051  0.76142901 -0.2558325   0.01550866
  0.94803947]","[ 0.67071813 -0.71257464 -0.19922072  0.05182359  0.31205813 -0.10243697
  1.4971423 ]","[ 0.67028855  0.60037677 -0.04868519  0.43346367  0.55222014 -0.5165602
  1.19261211]","[-0.03233663 -0.469013    0.81507176 -0.33858407  0.15531808 -0.76971395
  1.71376162]","[-0.29291055  0.76870853 -0.56566479 -0.05756696 -0.09689672 -0.42823864
  1.88766799]","[ 0.53068916  0.25300898  0.23990376  0.77252939  0.40027785 -0.14509752
  1.2973789 ]","[ 0.99352202 -0.11284736 -0.0111675  -0.00739944  0.33364797 -0.62627103
  1.75149456]","[ 0.86484388 -0.04433073 -0.47554697  0.1547092   0.09932976 -0.74579598
  1.84231769]","[ 0.18145825 -0.50624868  0.57068837  0.62056423  0.16643006 -0.67397888
  1.50882032]","[ 0.24820399  0.43920115  0.85891212 -0.08813119 -0.18213679 -0.72842718
  1.70764014]","[-0.0464788  -0.20555242  0.9719747   0.10417826  0.10463495 -0.46390203
  1.00117571]","[ 0.28233865 -0.48609502  0.59836236  0.5709282   0.27053573  0.00201652
  1.58057   ]","[ 0.92893275 -0.2460018   0.14006246  0.23864107  0.21385129 -0.67703647
  1.82442758]","[-0.28715309 -0.22624663  0.42644112  0.82734729  0.19472753  0.0216953
  1.06534904]","[ 0.20331321  0.14265925  0.74718553 -0.61646237 -0.18357244 -0.83680735
  1.43811059]","[-0.16372035 -0.26533589  0.90291185  0.29587616 -0.02176205 -0.50407542
  0.87286468]","[ 0.97443805  0.19509956  0.04905513 -0.10000123 -0.22735607 -0.80039045
  1.34509894]","[ 0.31806377  0.59241828  0.66761528  0.31963393 -0.10945826 -0.56384785
  1.65619727]","[-0.38138304  0.05898196  0.66813645  0.63613033 -0.12066206 -0.87506911
  1.45462756]","[-0.27714595 -0.42501     0.72100261  0.47192358  0.47446492 -0.55323203
  1.51562015]","[ 0.19272555  0.46094389  0.73080954 -0.46508602 -0.31523026 -0.58758141
  1.5722506 ]","[ 0.558441   -0.59516204 -0.3142271   0.48496096  0.02502361 -0.45946281
  1.76733908]","[ 0.62536807  0.60729639 -0.07483902  0.48425715  0.3308379  -0.69292378
  1.42676763]","[-0.11942078 -0.15142248  0.94411988  0.26729678 -0.22785051 -0.72868268
  1.77171449]","[ 0.65660662 -0.32982556  0.6645735  -0.13573842  0.13648591 -0.64043942
  1.83174127]","[ 0.61287438 -0.61051608 -0.39313957 -0.31160293 -0.40859525 -0.66158296
  1.65654182]","[ 0.51155234  0.22812905 -0.73606756 -0.38009983  0.11271968 -0.75111069
  1.21306025]","[-0.36940367  0.88236876 -0.26747805  0.11585248  0.29326169  0.09909592
  1.54469199]","[ 0.33112694  0.17302239  0.21870581  0.9014355  -0.19074987 -0.27925597
  0.9313121 ]","[ 0.44091384  0.8269163   0.32801568 -0.11920623 -0.30519373 -0.02714838
  1.37245536]","[ 0.59161468 -0.025056    0.15434036 -0.79091297  0.1178707  -0.3185798
  1.92565012]","[ 0.57588311 -0.15220016 -0.71630847 -0.36345003 -0.0981781  -0.38513804
  1.83252496]","[-0.12625343  0.48765361 -0.47654632  0.72052594  0.09968461 -0.34407711
  1.84990248]","[-0.20801362 -0.23068368  0.80405982 -0.5069548   0.12729269 -0.87840226
  1.57175314]","[-0.37741281  0.00782443  0.83169631 -0.4071604  -0.15671136 -0.75571449
  1.73107887]","[-0.34222024  0.87317835  0.22725146 -0.26230067 -0.10075626 -0.65128458
  1.67680491]","[ 0.52755623  0.49897031 -0.4475091  -0.52196615 -0.43396521 -0.57429032
  1.1214238 ]","[ 0.15179605  0.18896925 -0.40499465  0.8816053  -0.17808964 -0.51362658
  1.59222641]","[-0.23370749  0.41877978  0.87277095  0.09096798  0.21688165 -0.52192272
  1.07646593]","[ 0.696651   -0.18724976 -0.56100524  0.40606407  0.03490706 -0.76651791
  1.92432433]","[ 0.52116729 -0.55531425  0.43851633 -0.47719406 -0.32230033 -0.77584484
  1.5629051 ]","[ 0.98880502  0.0601988   0.09340339  0.0995818   0.02877156 -0.81787454
  1.13331038]","[ 0.10147279 -0.6547132  -0.05955838  0.74666371 -0.17903594 -0.37814229
  1.10690906]","[ 0.34120931  0.10004704  0.69862182  0.62088191  0.27044919 -0.02596773
  0.96028417]","[-0.39581674  0.39586686  0.08321543  0.8244354  -0.30623001 -0.5478957
  1.66308119]","[ 0.40200193  0.89853692 -0.09797579  0.14637829 -0.27182072 -0.2076112
  1.44232856]","[ 0.48562689 -0.58329618  0.63645301  0.13733047  0.28557533 -0.55865152
  1.49615212]","[-0.31472867  0.83658146  0.14209119  0.42530862 -0.49208925 -0.47651187
  1.31433787]","[-0.29263698  0.25397847  0.67831018  0.62430268 -0.33303892 -0.16701558
  1.2598357 ]","[ 0.31495805 -0.16016598  0.58413987  0.73070439  0.28982111 -0.64734398
  1.41269439]","[ 0.20389794  0.84396762  0.47382278  0.14709266  0.28975391 -0.28752061
  1.10672721]","[ 0.67749366 -0.68980529 -0.23844366 -0.09118998 -0.06955274 -0.78215307
  1.70912651]","[-0.19191936 -0.65556958  0.69444931  0.22613193  0.01409694 -0.67633848
  1.34747661]","[ 0.55916087  0.41601811  0.65313546 -0.29611167 -0.08984702 -0.86489988
  1.31275658]","[-0.42253383 -0.50786876  0.73243703 -0.16453109  0.31524991 -0.59455989
  1.61203142]","[-0.35224666 -0.55752026 -0.33659681  0.67215775 -0.47574973 -0.50657719
  1.6354934 ]","[ 0.66135191  0.26295315  0.64738287 -0.27269894  0.20830674 -0.80407185
  1.42552402]","[ 0.98006413  0.19321246 -0.01792164 -0.04268561  0.11683851 -0.92621123
  1.43166843]","[ 0.0756771   0.10230773  0.67009973  0.73128138  0.19914492 -0.64366649
  1.1365121 ]","[-0.26657587  0.05798968 -0.36254076  0.8911446  -0.48858403 -0.40348326
  1.80653691]","[ 0.58785358  0.61033995  0.53059724  0.01949079 -0.07633522 -0.83651227
  1.35733475]","[ 0.1541027   0.72728264 -0.55549192  0.3724796   0.15474786 -0.24809994
  1.77467188]","[ 0.93361348  0.2474386  -0.10762211 -0.23570635 -0.23347725 -0.72987847
  1.48755814]","[-0.16659393  0.69448416  0.24454957  0.65584581  0.20534611  0.03052166
  1.23932887]","[ 0.70291176  0.10614797  0.67035777 -0.21276309 -0.01046016 -0.71982581
  1.44544368]","[ 0.1187349   0.31358994 -0.53436824  0.77589559  0.25560354 -0.06777982
  1.77700383]","[ 0.04495345  0.7259285   0.53903748 -0.42478889  0.02523471 -0.47415846
  1.77246417]","[ 0.72242158  0.25583244 -0.53678498  0.35287207  0.57295908 -0.25644391
  1.67131617]","[-0.28725574  0.66003479  0.19553875  0.66603514 -0.4848796  -0.49661015
  1.28825487]","[ 0.09047325  0.07464086  0.9762541   0.18212978 -0.31022608 -0.65861862
  1.45357689]","[ 0.89037083  0.41502474 -0.0137892   0.1865586   0.52015518 -0.19098078
  1.07772214]","[ 0.39259426  0.14562506  0.765147    0.48909422  0.12112429 -0.75190387
  1.24756787]","[ 0.92836757 -0.03045334  0.08976714 -0.35937183  0.23294394 -0.54835623
  1.91168058]","[ 0.13589047 -0.3686623   0.90031716  0.18721886  0.48180517 -0.15335964
  1.20364948]","[ 0.60267701 -0.45743181  0.56478119  0.32948257  0.36722144 -0.78867035
  1.54898549]","[ 0.79544655 -0.0115788  -0.29073174 -0.53160678 -0.35767867 -0.81958323
  1.35443864]","[ 0.12832431  0.07167838  0.97556375  0.16331092 -0.18308308 -0.91604212
  1.35632434]","[ 0.40409748  0.68601546 -0.4541448  -0.39980059  0.0573636  -0.60255095
  1.26350045]","[ 0.96121725 -0.16194633  0.22242205 -0.01905807  0.0381046  -0.9702359
  1.451399  ]","[ 0.87178149  0.38106854  0.28470098  0.11717147  0.20735371 -0.77729043
  1.62759099]","[ 0.10430648  0.63931201  0.64279157 -0.40892458 -0.60810783 -0.41985994
  1.30530496]","[ 0.55497777 -0.29091287  0.48624297 -0.60904611 -0.48680004 -0.49820763
  1.60750053]","[-0.45569381  0.3703095  -0.26635055  0.76437649 -0.24415095 -0.32519113
  1.97602124]","[-0.33744773  0.59048851  0.61984936 -0.39145768 -0.19855584 -0.71595694
  1.64741299]","[-0.25489744  0.16792002  0.9023855   0.30418838  0.02864886 -0.80792932
  1.71253919]","[-0.47567899 -0.06611348 -0.05199292  0.87558851 -0.45612313 -0.60363129
  1.14870718]","[ 0.6271325   0.67403594 -0.31264056 -0.233744    0.36013529 -0.32455263
  1.0406371 ]","[-0.03271526 -0.06684463  0.95246604  0.29541487 -0.01697254 -0.77969698
  1.71138669]","[ 0.93580298 -0.19106788  0.17416516 -0.23965045  0.31999216 -0.73025998
  1.81155543]","[ 0.89218705 -0.4161602   0.11486856 -0.13273344  0.56726998 -0.57676397
  1.45270619]","[ 0.72005679  0.03374551  0.44028039  0.53528743  0.54763344 -0.1496855
  1.57621561]","[ 0.5987797   0.34109456  0.31765858  0.65131436  0.03331628 -0.67853677
  1.51690265]","[ 0.04975213  0.95938206  0.0336083   0.27564701  0.20540066 -0.21915181
  0.97019716]","[ 0.73444428 -0.10863353  0.328168   -0.58403435 -0.1915877  -0.90087773
  1.5178894 ]","[ 0.35234896 -0.59433025  0.20974767  0.69182923  0.24009906 -0.5082638
  1.12616282]","[-0.04807358  0.01135196  0.16839278  0.98448156 -0.13912164 -0.34389718
  1.04696843]","[ 0.2525852   0.7589646   0.52413472 -0.29232901 -0.26392028 -0.7232365
  1.59609528]","[ 0.94627953  0.09791544 -0.27869705  0.13151267 -0.27428663 -0.75744702
  1.40582735]","[ 0.56653437 -0.7536512  -0.32227372 -0.08478406 -0.06625314 -0.36301684
  1.89963659]","[-0.46986421 -0.29117833  0.81725578  0.16289812 -0.30520612 -0.37617391
  0.98923183]","[ 0.71225306  0.05674098  0.14335749  0.68478075  0.28394906  0.09424354
  1.59553536]","[ 0.03631883 -0.68027955  0.24154723  0.69105399  0.27098373 -0.33590678
  0.94450889]","[-0.03467672  0.74961053 -0.65803275  0.06224524 -0.10545287 -0.04765519
  1.1107804 ]","[ 0.62489019  0.74503396 -0.23279442  0.01560118  0.25669594 -0.35943721
  1.63351203]","[ 0.47058518  0.67118402 -0.53191859 -0.21242459  0.14570845 -0.57600418
  1.15906264]","[-0.01978713  0.20204645  0.87669981 -0.43609992 -0.35257107 -0.80181116
  1.4708141 ]","[ 0.68526957 -0.08576912 -0.59078435 -0.4171608   0.0233717  -0.9291247
  1.46661948]","[ 0.08298859  0.96157776 -0.24297149  0.09719031 -0.10839895 -0.38932043
  1.14732186]","[ 0.75717083  0.27030673 -0.00720491  0.59462147  0.30716531 -0.59745368
  1.48609966]","[-0.16645291  0.95178465 -0.10049541 -0.23727638  0.1844529  -0.50770115
  1.27886384]","[ 0.8641154  -0.42243358  0.2318338  -0.14528429  0.17629964 -0.88969185
  1.36488386]","[ 0.40150804 -0.12168805  0.46744968  0.77812217  0.23004747 -0.72809015
  1.52925097]","[ 0.53304075 -0.18234025  0.65369624  0.50527302  0.04307348 -0.86079053
  1.37640271]","[ 0.73031163 -0.23610529 -0.08583357  0.63524154  0.13043884 -0.65463971
  1.90898835]","[ 0.60164406  0.16165784 -0.39838468  0.67318706 -0.08044454 -0.45495209
  1.97348128]","[-0.46996419  0.49495221  0.73037738  0.02654895 -0.50988943 -0.54250148
  1.52454348]","[ 0.76258313 -0.64155371 -0.0475299  -0.06794637 -0.32715786 -0.50346993
  1.61615508]","[ 0.17059054  0.08944849  0.96804104  0.1606063  -0.18685173 -0.65610186
  1.1899791 ]","[ 0.76817859  0.26057846  0.52784608  0.25175194 -0.02437549 -0.74561668
  1.60382385]","[ 0.69489359  0.65221623 -0.07931086 -0.29231263 -0.37197697 -0.05437916
  0.96480199]","[ 0.36364809  0.76761486  0.48266245 -0.2134583  -0.25078438 -0.02459017
  1.25462752]","[-0.39084746 -0.1071105   0.71431979  0.57053733 -0.32632679 -0.21960714
  0.88945767]","[ 0.85909409  0.46536887  0.21088331 -0.03028849  0.07312086 -0.56567942
  1.62292774]","[ 0.45928068  0.81222822 -0.22303806  0.28213578 -0.24946295 -0.22240159
  1.16348432]","[ 0.14588828 -0.33473381 -0.26475358  0.89251074 -0.18165792 -0.38023771
  1.67479684]","[ 0.57766972 -0.00992925  0.6559527   0.48572128  0.22926395 -0.84116578
  1.58057671]","[ 0.75285149 -0.31059484  0.4601631  -0.35354687  0.28706311 -0.33042339
  1.93817927]","[ 0.79430977  0.02583549  0.46782925  0.38670441  0.36949533 -0.49303961
  0.93763586]","[ 0.65414323 -0.36906678 -0.57499119 -0.32445566  0.14515452 -0.75865489
  1.20483002]","[ 0.79059344 -0.46248568  0.40069168 -0.02269772  0.29884495 -0.52941942
  1.1620698 ]","[ 0.91310077 -0.31185195 -0.24393465 -0.09742297  0.176777   -0.78651422
  1.67187278]","[ 0.86612874 -0.384859    0.18661212  0.2586126   0.35582552 -0.67261024
  1.50033998]","[ 0.81527707  0.50587481 -0.17038252  0.22446331  0.08548572 -0.84169376
  1.44719871]","[ 0.81434109  0.05540473 -0.39715399 -0.41958028 -0.10385524 -0.92476494
  1.53106414]","[-0.1512024  -0.13132669  0.73382859 -0.64914308  0.12225241 -0.81814456
  1.4479336 ]","[-0.31638066 -0.01268474  0.35995915  0.87759432 -0.30934458 -0.51189856
  1.10606675]","[ 0.15791857  0.78276628  0.60191199 -0.00637475 -0.3572502  -0.54767901
  1.0311823 ]","[ 0.09588836  0.77230349  0.20099523  0.59494005  0.04308365 -0.25615967
  1.81622154]","[ 0.97769343  0.03647428 -0.05358044  0.1997857   0.02675399 -0.6922868
  1.38148034]","[ 0.59306706 -0.08778008 -0.68031265  0.42159318  0.19967473 -0.40745053
  1.2000692 ]","[-0.37682294  0.58130904  0.6884185   0.21485867 -0.45958273 -0.39242862
  1.67376313]","[ 0.57583305  0.13429146  0.60145034 -0.53725189 -0.15773331 -0.78971387
  1.34557298]","[ 0.03884025  0.11932165 -0.40714765  0.90470137  0.34092205 -0.14020006
  1.84537957]","[ 0.85012681 -0.1982136  -0.48697469 -0.02917928 -0.13595433 -0.66162781
  1.5916983 ]","[ 0.7625433  -0.58328563  0.12668143 -0.24951435 -0.50602481 -0.55693436
  1.52252249]","[ 0.77912251  0.43383635 -0.25494824  0.37383891  0.40697398 -0.779353
  1.47176227]","[ 0.2196894   0.82561672 -0.44206832 -0.27325665  0.32176386 -0.53324284
  1.37851101]","[ 0.035948    0.59267755  0.20497757  0.77809078  0.36545437 -0.14426839
  1.80939352]","[-0.21759224  0.13013973  0.58364978  0.77140793 -0.17996728 -0.67349861
  1.65926263]","[ 0.17228473  0.91502827 -0.32023754 -0.17461142  0.2966508  -0.49747632
  1.68437887]","[ 0.08915877  0.43201919  0.55155059  0.70795627 -0.22450733 -0.42506849
  1.03513504]","[-0.15153682 -0.58136327  0.76960161  0.21625611  0.18756404 -0.59855288
  1.26012463]","[ 0.70848123  0.52554662  0.40998779 -0.23187304 -0.2480891  -0.72901362
  1.19038053]","[-0.19221373  0.67975393 -0.49105739 -0.50975593  0.18118312 -0.21024772
  1.76099595]","[-0.21111564  0.84271524  0.49480946  0.0206106  -0.22217111 -0.55936545
  1.74548987]","[-0.4363399  -0.40665973 -0.52327208  0.60862278 -0.45475142 -0.38794255
  0.98836207]","[ 0.71279842 -0.06558571  0.22213493 -0.6620219  -0.10350401 -0.66909245
  1.62412809]","[-0.4684884  -0.29094345  0.8050414   0.21858382  0.49323887 -0.55718503
  1.3861208 ]","[ 0.26306301 -0.58802655  0.71162816  0.28037117 -0.03020923 -0.63689589
  1.1004103 ]","[ 0.38294427 -0.2178939   0.43961936  0.78269455  0.05750764 -0.55785562
  1.10024128]","[ 0.13956555 -0.00413244  0.9773771  -0.15886591 -0.20747033 -0.87927662
  1.73196214]","[ 0.74173312  0.37531146 -0.48023106 -0.27991324 -0.00396238 -0.88437236
  1.40393039]","[ 0.71352864  0.51650809 -0.33256628 -0.33689159 -0.06927143 -0.81841352
  1.50393921]","[ 0.16328279 -0.33590121  0.91228759  0.16804898  0.31557329 -0.61748846
  1.79629133]","[-0.30921683  0.04041584  0.76403239  0.56480619 -0.18050453 -0.34932471
  0.8474009 ]","[-0.07700597  0.91332678  0.39815576 -0.03709796 -0.52382418 -0.28316494
  1.42313498]","[-0.07865844 -0.05917689  0.48715124  0.86775262  0.44388289 -0.34219886
  1.11806894]","[ 0.79305133  0.50432452  0.28962985 -0.18122064 -0.03335261 -0.86153211
  1.40101893]","[ 0.01870385  0.98056327  0.16739003  0.1006301  -0.17154194 -0.19778476
  1.0356841 ]","[-0.18722784 -0.63553988  0.65373034  0.36561106  0.24962271 -0.6020123
  1.55007515]","[ 0.62483863  0.62723988 -0.29547063 -0.35894835  0.38458283 -0.27656835
  1.09952034]","[-0.24471945 -0.50650783  0.30142078  0.76987514 -0.45244667 -0.34286608
  1.03614146]","[ 0.50854655  0.62226117  0.45461702 -0.38405052  0.13320178 -0.44822067
  1.09311475]","[-0.33055569  0.35545418 -0.17552599  0.85649045 -0.50471307 -0.5280957
  1.60417244]","[ 0.499896    0.43572504  0.59523227 -0.45381298 -0.34435239 -0.7074775
  1.27452564]","[ 0.01870549  0.45962825 -0.18601695  0.86821061  0.25441004 -0.3215947
  1.60775576]","[ 0.28558232 -0.31051096  0.7760672  -0.46877007 -0.39208338 -0.42940565
  1.56531003]","[ 0.76933949  0.40675582  0.40806675 -0.27594924 -0.10146145 -0.9017332
  1.38001423]","[ 0.23978236 -0.2594359   0.68815455 -0.63375133 -0.13192288 -0.86961441
  1.66643733]","[ 0.49035015 -0.32074583  0.7646494   0.26830978  0.30040148 -0.56874932
  1.50801124]","[-0.05296437  0.27522266  0.9280338   0.24535795 -0.00899864 -0.89876433
  1.29965088]","[ 0.38055728  0.88034359 -0.25757414 -0.11758776  0.5013102  -0.14576637
  1.40879919]","[-0.19209574 -0.20308978 -0.45864389  0.84350433 -0.50709282 -0.37463139
  1.83262561]","[-0.43483485  0.78533105  0.34195147 -0.27792621  0.00801491 -0.72833614
  1.57929397]","[ 0.30501615  0.56458351  0.66423963 -0.38340101 -0.07699589 -0.82160032
  1.43216747]","[ 0.72320522  0.05594873 -0.35247326  0.59127536  0.12002767 -0.65767281
  1.92147779]","[-0.16177098  0.22108958  0.95773834 -0.08767448  0.33962464 -0.72597243
  1.26784221]","[-0.31640974 -0.26729088  0.89060683  0.1877763  -0.02423413 -0.9112726
  1.19839819]","[ 0.3193691   0.76258663 -0.55816809 -0.07009558  0.11761559 -0.67374984
  1.25379191]","[ 0.56081558  0.79146789 -0.22354595 -0.09535024  0.38192818 -0.21778055
  1.58260074]","[ 0.85766248  0.12734488 -0.48907984  0.09486444  0.11680065 -0.92447133
  1.5972003 ]","[ 0.52692395 -0.070612   -0.81985634  0.21260451  0.14691068 -0.66500649
  1.75603096]","[ 0.63237793  0.34530441 -0.68280203  0.12101404  0.46518132 -0.23551355
  1.62766926]","[ 0.86203367 -0.08323804 -0.49177618 -0.09014194  0.16773539 -0.33649187
  1.14965485]","[ 0.08009113  0.8362808   0.29876217  0.45272618 -0.46003861  0.03746157
  1.17888831]","[ 0.34911536 -0.10989983  0.61678158  0.69686511 -0.21631939 -0.54089772
  0.97233206]","[-0.26573128  0.21072682  0.93789462  0.07303956  0.17052955 -0.82474515
  1.27905084]","[ 0.56779956 -0.76475422  0.25460579 -0.16712431  0.14682013 -0.47576394
  2.08015881]","[-0.45537766  0.84298389 -0.02129962  0.28557955  0.16899577 -0.06442004
  1.88898932]","[ 0.67849763 -0.40112173 -0.50011885 -0.35864113 -0.09114879 -0.86289691
  1.61524142]","[-0.19850202 -0.66179122  0.7053641   0.1584008   0.06651343 -0.48876698
  1.1202542 ]","[ 0.15828455  0.77515433  0.60666259 -0.07773209 -0.08770199 -0.60860983
  1.13961869]","[ 0.47832348  0.18927158  0.71988212 -0.46599641 -0.40908049 -0.79113063
  1.46626538]","[ 0.12647664  0.6170962   0.412827    0.65785242 -0.04130591 -0.51758204
  1.35750025]","[ 0.65643295  0.0840243  -0.61828916  0.42397431  0.09191341 -0.90726738
  1.42444857]","[ 0.5809334   0.73896333  0.0933986  -0.32821681 -0.0850222  -0.72931812
  1.0794748 ]","[ 0.32858199  0.14502113  0.68405541  0.63487868  0.39362566 -0.54884424
  1.2930045 ]","[-0.1693491   0.73838066 -0.09576086 -0.64571259 -0.21115606 -0.2573657
  1.01897908]","[ 0.14844798 -0.51651787  0.73966213  0.40505854  0.00573232 -0.72799946
  1.01030273]","[-0.19554256  0.8624009   0.44260101  0.14876873 -0.25546226 -0.72313317
  1.45054857]","[-0.35686022  0.73357583 -0.26060726 -0.51633434 -0.06760457  0.10498072
  1.17489327]","[  9.29531704e-01   7.81157980e-04  -2.76913209e-01   2.43493892e-01
   1.24194674e-01  -4.79236783e-01   9.45377686e-01]","[ 0.54471222 -0.27232136  0.49615545  0.61883717  0.59517184 -0.34094628
  1.12575465]","[ 0.81437931 -0.43805787  0.14487788  0.35199722 -0.00320135 -0.79037686
  1.48197125]","[ 0.63747481  0.42371896 -0.49095779 -0.41599106 -0.30979762 -0.37065357
  1.18559008]","[ 0.91312819  0.24135864  0.01781861 -0.32806311 -0.23843552 -0.59259997
  1.36766045]","[ 0.78791971  0.31645706 -0.35155006  0.3942715   0.04799433 -0.74952829
  1.29249327]","[ 0.8199417   0.25207135 -0.15113568 -0.49123685 -0.47900333 -0.51232589
  1.06702179]","[ 0.09846094  0.22645604  0.88684472 -0.39055032 -0.487402   -0.52760406
  1.23780845]","[ 0.32609919  0.2968767  -0.07487431  0.89438101  0.30463828 -0.55483407
  1.48085562]","[ 0.98359865 -0.01159534  0.11170457  0.14114298 -0.09866339 -0.8881149
  1.25775175]","[ 0.25459054  0.47910475  0.83901287  0.04122754 -0.33052091 -0.66600387
  1.57585894]","[ 0.9226329   0.04839968 -0.17926454 -0.33803879 -0.20447999 -0.60145665
  1.26911009]","[ 0.56221552 -0.29281871  0.77229497 -0.04161008  0.17532839 -0.88750625
  1.72516435]","[-0.45165424  0.81197236 -0.11481652 -0.35146337  0.19681276 -0.15526068
  1.03410236]","[-0.41446595  0.39358371  0.26563997  0.7763667  -0.58413792 -0.42535866
  1.43045603]","[-0.26619879 -0.43094295  0.83428698  0.21769615 -0.18703798 -0.58022408
  1.49059383]","[-0.30353634  0.33817847  0.8895609  -0.04671632  0.23342624 -0.76022908
  1.70446916]","[ 0.59771591 -0.26354632 -0.75715005 -0.00167898 -0.2722044  -0.8895299
  1.43471916]","[ 0.66566509  0.68441193 -0.26453549 -0.1359826  -0.19354532 -0.61495931
  1.06777172]","[ 0.41666864  0.27212384  0.83587071 -0.23163769  0.18238264 -0.82633456
  1.34432986]","[ 0.77983726 -0.17432679  0.52372266  0.29526021  0.52023905 -0.38229635
  1.60763498]","[ 0.69116572  0.27959504 -0.26100938 -0.61318078  0.0685729  -0.35400491
  0.99859972]","[ 0.29134271  0.82260476 -0.02835596 -0.48748003 -0.02463499 -0.34132491
  1.09435583]","[ 0.8072157   0.17559784 -0.49538813 -0.26862393  0.17984383 -0.6245333
  1.60733104]","[ 0.54065854  0.08431179 -0.46184973 -0.69805064 -0.13166206 -0.50798403
  1.79459646]","[ 0.66023031 -0.21896598  0.70442217  0.14120639  0.19640363 -0.89881041
  1.63439247]","[-0.1570189   0.83551585  0.45072326 -0.27222577 -0.2846912  -0.1061416
  1.264861  ]","[ 0.53204546  0.81732949  0.02734679  0.21943629  0.23401065 -0.09114496
  1.58973039]","[-0.01414304  0.99633654  0.05428712  0.06454754 -0.29696041 -0.40510616
  1.27615158]","[-0.01422206 -0.22880322 -0.18322575  0.95596817 -0.27116957 -0.51091551
  1.54521008]","[ 0.69813448  0.04539556 -0.25002547 -0.66935398 -0.18972931 -0.30742842
  1.84212572]","[ 0.00888147  0.8751382  -0.48288519  0.0295997  -0.02717164 -0.05967494
  1.75529999]","[-0.35285735  0.59894223 -0.30492046  0.65098649 -0.10437842 -0.61185869
  1.58413772]","[ 0.72429332  0.01448679  0.52442799 -0.44739758 -0.06771347 -0.53982113
  1.7565595 ]","[-0.47113451  0.68705021  0.52897967 -0.16178626  0.0054342  -0.67574989
  1.51765891]","[ 0.66306126  0.31803574 -0.67733377 -0.02054255  0.1037652  -0.63007192
  1.66130289]","[-0.25012134 -0.19875488  0.84749952  0.42388721 -0.40471284 -0.78828084
  1.46263588]","[ 0.78219716 -0.41272006  0.24774912 -0.39553778  0.32626313 -0.47714242
  1.8095743 ]","[-0.2006819  -0.61198009 -0.00414002  0.76497712 -0.14455673 -0.46633667
  1.10143587]","[ 0.64314456 -0.19394321 -0.23204506  0.7034957   0.10903757 -0.71715232
  1.60725197]","[-0.45527026  0.40936593  0.77183293 -0.17152974 -0.24474623 -0.78929968
  1.24632318]","[ 0.72877089 -0.1325414  -0.49142248  0.45807174  0.20347538 -0.83982245
  1.45745434]","[ 0.72351854 -0.20784287  0.61864972  0.22493283  0.53819033 -0.46587432
  1.56265946]","[-0.29758976 -0.05803262  0.70525965  0.64084427  0.45846323 -0.2377692
  1.36939592]","[ 0.61421864  0.46162384 -0.16404244 -0.61865093 -0.37855302 -0.70164874
  1.18261728]","[ 0.70590533 -0.0605547   0.31524257  0.63138967  0.22326458 -0.82338427
  1.5240826 ]","[-0.36479551  0.75897665  0.09188185  0.53144747 -0.36227561 -0.15209699
  1.42973891]","[ 0.59432278  0.5844391  -0.31472492  0.45404801  0.22033977 -0.79452477
  1.40662058]","[-0.22344941  0.34204559  0.79093312 -0.45552166 -0.02278679 -0.84065238
  1.70536218]","[ 0.90658529  0.2113366   0.2954327  -0.21484755 -0.08607973 -0.80165296
  1.5124887 ]","[-0.07099715  0.02291238 -0.41564922  0.90646023 -0.1736439  -0.53814657
  1.76958914]","[-0.42070407  0.60794737  0.66550863 -0.10250048 -0.07818906 -0.67098211
  1.7293493 ]","[ 0.87762952 -0.08551524 -0.31843871 -0.34792293 -0.0936424  -0.68624209
  1.81072883]","[ 0.60954358 -0.23276807 -0.75758026 -0.01864949 -0.40335458 -0.65831531
  1.28603184]","[ 0.82556114  0.3377264   0.2206084   0.39461579  0.20388968 -0.77153581
  1.62407464]","[ 0.46551258  0.79591885  0.23474008  0.30774716  0.25108279 -0.29800349
  1.00836605]","[ 0.77895555  0.18175935  0.31680867  0.50972939  0.44914857 -0.43218064
  1.10695996]","[ 0.62188649 -0.56932096  0.01865133  0.53738531  0.3063543  -0.67977353
  1.44139615]","[ 0.79451652  0.41619249 -0.23709401  0.37324755  0.23245872 -0.47579201
  1.18876543]","[ 0.09550814  0.60834794  0.58166765 -0.53146375  0.35741649 -0.21638882
  1.69841896]","[ 0.1448392  -0.59202716 -0.13913034  0.78049228 -0.29790299 -0.33013084
  1.33950327]","[-0.037984    0.50940098 -0.49919205  0.69991082  0.49114316 -0.14069939
  1.32900666]","[-0.24107575  0.84512283  0.31320012  0.35993828 -0.26757907 -0.16848322
  0.95277374]","[-0.16692381  0.19951934  0.64834354  0.71552717 -0.13939041 -0.72561812
  1.51940192]","[ 0.05111225  0.79213509  0.60517471 -0.06060615 -0.37583886 -0.07501106
  0.99199072]","[ 0.62043844  0.08845837 -0.77277847 -0.1002232   0.35215583 -0.57624007
  1.85573537]","[ 0.942597    0.31418894 -0.05058073 -0.10118196 -0.23769985 -0.8063449
  1.36513003]","[ 0.77170468 -0.16899659 -0.21075301 -0.57575621 -0.22995945 -0.696259
  1.3061462 ]","[ 0.77704613 -0.05130487 -0.33544272  0.53013705  0.24183504 -0.78926599
  1.4341575 ]","[ 0.7381531  -0.52476283 -0.01664563 -0.42364714 -0.16060308 -0.40561695
  1.82327943]","[-0.05346815  0.77441014 -0.49272677  0.39325618 -0.0805407  -0.55521214
  1.80872086]","[ 0.31580702 -0.14516016 -0.48478214  0.8026087   0.49530901 -0.42346777
  1.78764194]","[ 0.89605188 -0.22886954  0.24918054  0.28743491  0.29583943 -0.58352902
  1.11257839]","[ 0.23844273 -0.46229413  0.61744849 -0.59007335  0.07089215 -0.83835306
  1.53246915]","[-0.18182069  0.72531877 -0.61358583  0.25370524  0.51839344 -0.17754829
  1.41859647]","[ 0.64889501  0.19447894  0.6101878  -0.41083336 -0.12266968 -0.92422353
  1.43210378]","[ 0.66368301  0.61238104  0.15322329 -0.40129408 -0.10124542 -0.21284323
  1.01068359]","[-0.17983878  0.93490218 -0.21992092 -0.21272217  0.15879611  0.064142
  1.76396716]","[ 0.75573127 -0.10699088  0.14323408 -0.63000571 -0.38535087 -0.62291261
  1.23830324]","[ 0.66288973 -0.34358837  0.01175884  0.66512102 -0.19944767 -0.56425767
  1.84902651]","[ 0.80795499 -0.38784181  0.04114157 -0.44169541  0.00498124 -0.79451633
  1.69100511]","[ 0.86174288  0.31964244  0.12492432  0.37366004  0.41443127 -0.73940927
  1.22379581]","[ 0.67923172 -0.54157191  0.40266036 -0.28845929 -0.10452239 -0.880272
  1.67752455]","[-0.10995791  0.77651296 -0.21918118 -0.58042785  0.07546813 -0.53672744
  1.74416188]","[-0.29817454  0.11070663  0.89620413  0.30928004 -0.3605468  -0.86851975
  1.36968637]","[ 0.54987437  0.14951503  0.77781272 -0.26512414 -0.44782762 -0.46873635
  1.14271808]","[ 0.64491787 -0.61118833 -0.33134969  0.31739116 -0.0173979  -0.82705232
  1.70724793]","[ 0.55652221  0.15160764  0.08943127  0.81197303  0.33749382  0.10517138
  1.69101078]","[ 0.95145316 -0.16172432 -0.23747827 -0.1103911   0.11184562 -0.89474784
  1.38413295]","[-0.09972276 -0.44494502  0.84063491  0.29225373 -0.08020781 -0.6783165
  1.12252943]","[-0.39180595  0.90177226 -0.1804597  -0.02700338 -0.06990175 -0.47715123
  1.98670296]","[-0.45296985  0.21823859  0.8565807   0.11601612 -0.32125727 -0.75541005
  1.12686164]","[ 0.34860311 -0.07273627  0.36526314  0.86009775  0.13581976 -0.52216518
  1.53626965]","[ 0.02088884 -0.5538752   0.30651258  0.77384491 -0.42961372 -0.37741163
  1.20452455]","[ 0.89554427  0.38166918 -0.11033271 -0.2003891   0.0420363  -0.70397865
  1.21608199]","[-0.23246573 -0.63951224  0.25475723  0.68708263 -0.41473027 -0.42427117
  1.3957748 ]","[ 0.75602875 -0.41334645  0.43373716  0.26350961  0.30927601 -0.03813622
  1.84466736]","[-0.44093664 -0.55554941  0.67631165  0.19885241 -0.20522404 -0.76446148
  1.22501435]","[ 0.57325231  0.04228099  0.78481116 -0.23165826 -0.24016339 -0.79253667
  1.39092029]","[ 0.22157518 -0.38651742  0.51660267  0.73118425  0.3448069  -0.37897683
  1.69016457]","[ 0.48318521  0.17205477 -0.20244196  0.83423406 -0.29897469 -0.17108636
  1.43698378]","[ 0.06169057  0.74135577 -0.37256203 -0.55478232 -0.07246539 -0.46275505
  1.23498387]","[ 0.94401091 -0.18964266  0.13167124  0.23567296  0.61553425 -0.29234019
  1.35657732]","[-0.45629906  0.73875095 -0.44158769  0.22591705 -0.04646695 -0.67670923
  1.92695938]","[-0.35076989  0.66979619  0.41309204  0.50763029 -0.22693106 -0.60869418
  1.05314123]","[-0.17028398  0.29884122  0.7017929  -0.62384614 -0.28949325 -0.66573223
  1.80722691]","[-0.32161602  0.64908577  0.57342817  0.38266296 -0.13447307 -0.60276577
  1.90458189]","[ 0.66481614  0.22182992  0.38479851 -0.60061726 -0.02499323 -0.51075873
  1.96971466]","[-0.32142873  0.77475243  0.04013167 -0.54298407 -0.03807354 -0.6460588
  1.8269037 ]","[ 0.13906991  0.91421321  0.10551011  0.3657067  -0.2579949  -0.38791464
  1.08127936]","[ 0.13815757 -0.31949077  0.34457306  0.87184147 -0.32720015 -0.01338658
  0.96259895]","[ 0.53592129  0.50670656  0.07461737 -0.67116993 -0.13267617 -0.27292685
  1.08455503]","[-0.10247506 -0.06961061  0.44686844  0.88598071 -0.13270023 -0.508491
  0.92257572]","[-0.05762476 -0.30719788  0.20389264  0.92775894 -0.39062582 -0.28804184
  1.43598525]","[ 0.7620718  -0.11795575 -0.22404661  0.59593299  0.2727623  -0.53726855
  1.64856712]","[-0.0787113   0.72549181 -0.11907436  0.67326627 -0.13784173 -0.02696936
  1.89833267]","[ 0.86343786 -0.39914787 -0.00917063 -0.30833737 -0.23922791 -0.43329842
  1.04528456]","[ 0.8592323   0.10934692 -0.01145132  0.49963184  0.2720135  -0.46417086
  1.26962173]","[ 0.50793686 -0.82432275 -0.23478153  0.08584747  0.17061557 -0.18529482
  2.0906997 ]","[ 0.58502459 -0.35030298 -0.48578198  0.54685457 -0.21503851 -0.65268212
  1.8984821 ]","[ 0.18378481  0.56973675 -0.39781508  0.69524553  0.39885092 -0.60689212
  1.58007983]","[ 0.5237012  -0.75158304 -0.26351579 -0.30235642  0.11485328 -0.42451935
  2.0745012 ]","[-0.0024737   0.92238807 -0.15486801 -0.35385028  0.35231928 -0.03104788
  1.54796583]","[ 0.5988884  -0.68857021  0.02737167  0.40798841  0.01141567 -0.34926735
  2.09391628]","[-0.49234051 -0.15131325  0.70227296 -0.49144462 -0.16648358 -0.61888882
  1.78480877]","[ 0.61138983  0.33598295  0.46132091 -0.54817966 -0.14994078 -0.6376268
  1.43728008]","[-0.29504716  0.67743352 -0.46895068 -0.48385561  0.29376442 -0.74293609
  1.32617563]","[-0.28532732  0.63942021  0.57213184 -0.42707759  0.32522041 -0.40550508
  1.88411623]","[ 0.59465738  0.71224232 -0.1853222  -0.32364976 -0.24351985 -0.31011688
  1.56289456]","[ 0.5850931  -0.24555897 -0.52969798 -0.56283827 -0.18958091 -0.25346675
  0.89543881]","[-0.16408596 -0.46482098 -0.03495883  0.86936479 -0.57380135 -0.41172506
  1.36710689]","[ 0.49060028  0.57849446 -0.26646033  0.5946885   0.21208565 -0.11453786
  1.8444956 ]","[ 0.70157646  0.24984995  0.42157278  0.51734116 -0.12182323 -0.64566084
  1.12978913]","[ 0.73287721  0.4339435   0.52257943  0.03866229  0.07306486 -0.88406976
  1.44387454]","[ 0.09348381 -0.44946159  0.88616122  0.06295519  0.2116774  -0.47754604
  1.95785827]","[ 0.49884843  0.62531888  0.43446074 -0.4139691  -0.27081925 -0.02430705
  1.3022855 ]","[ 0.65672328  0.62260625 -0.2331126  -0.35599792  0.05897243 -0.8744025
  1.38581338]","[ 0.99243237 -0.05782446  0.00515477 -0.10820235 -0.04825066 -0.72102705
  1.13346775]","[ 0.78256504  0.41940998  0.37916441 -0.26061769 -0.09100356 -0.83647922
  1.31455606]","[ 0.8884832  -0.08416955 -0.34647431  0.28890939  0.09344268 -0.53987335
  1.19649017]","[ 0.1998507   0.61210833  0.56512157 -0.51577195 -0.37497178 -0.28495966
  1.68119771]","[ 0.83934424 -0.47635176 -0.12021739 -0.23267581 -0.08946266 -0.62075578
  1.43609636]","[ 0.88558329  0.11132108 -0.42406604 -0.15335528  0.20717197 -0.58574983
  1.68572833]","[ 0.39729863  0.1953333   0.71662096 -0.53893702 -0.23885121 -0.65593199
  1.34115219]","[ 0.07841828  0.39340586  0.91382298 -0.06332433 -0.00826127 -0.75193697
  1.53296544]","[ 0.60989309  0.67191957  0.33408831  0.25483232  0.36146014 -0.60234624
  1.16358158]","[ 0.82576952 -0.1220139   0.00240001  0.55064648  0.38778514 -0.1315981
  1.03876227]","[ 0.423512    0.40163475 -0.25800682  0.76990882  0.52051245 -0.39812861
  1.1693068 ]","[ 0.4138901   0.82172305  0.08441306 -0.38254497 -0.09723865 -0.65601526
  1.09654249]","[-0.32787035 -0.00843534  0.72653519 -0.60380171 -0.21831083 -0.51688257
  1.99966401]","[ 0.77299193  0.1080958   0.50296011 -0.37125449 -0.3285626  -0.64641993
  1.18592013]","[-0.45547824  0.18388513  0.70835584  0.50691009  0.20737118 -0.77264388
  1.26923386]","[ 0.59969817 -0.4960204   0.31926856  0.54073418  0.22471344 -0.6131455
  1.54205476]","[-0.457422    0.1350138   0.86533603  0.15404527 -0.10342309 -0.49213015
  0.90394988]","[ 0.08231542  0.22764731  0.06223954  0.96825984 -0.36974282 -0.090367
  1.27908859]","[ 0.33030426 -0.41690204  0.01471361  0.84668489  0.40812397 -0.32130338
  1.86038897]","[ 0.50466489 -0.32844105  0.63771719  0.48037132  0.15817167 -0.77670503
  1.73012809]","[-0.36080119 -0.4570769  -0.06702105  0.81019219 -0.19050139 -0.71398797
  1.21459126]","[ 0.17500792  0.61799041  0.12383711  0.75638909  0.43009164  0.08345592
  1.64899869]","[-0.24527981  0.17039817  0.55973723  0.77297899 -0.02680682 -0.45903835
  1.53449253]","[ 0.62512656 -0.00218042 -0.76314157 -0.16378944 -0.0348231  -0.75580101
  1.74468333]","[ 0.63552495 -0.58197919 -0.37362686 -0.34323641  0.04046593 -0.71291512
  1.70636812]","[-0.19615816 -0.62504847  0.72993345  0.19502189  0.28572678 -0.58440517
  1.28934879]","[ 0.52861959  0.41350146 -0.05578329  0.73923345  0.23574576 -0.12076374
  1.21119708]","[-0.37823918 -0.2907863   0.66443894 -0.57523852  0.18735809 -0.69423218
  1.81390465]","[ 0.69181477  0.6649304   0.16108946  0.23088973 -0.38122517 -0.49871267
  1.38941492]","[-0.11720671 -0.04517595  0.80430222 -0.58079226 -0.37094597 -0.68612679
  1.53072232]","[-0.0064415  -0.30799955  0.89427073  0.32461461  0.46785212 -0.64823332
  1.55980728]","[ 0.34297353 -0.27944982 -0.16909023  0.88073006  0.27775707 -0.63783352
  1.69395703]","[ 0.56115586 -0.402766   -0.48159103 -0.53940126 -0.36046961 -0.69226008
  1.1809666 ]","[ 0.64569272 -0.42353433  0.54903911  0.31977434  0.1043483  -0.64545416
  1.71272562]","[ 0.06355653 -0.37249937 -0.26401824  0.88741149 -0.03717713 -0.26386851
  1.14990825]","[ 0.46193577 -0.40058087  0.7912462  -0.00893088  0.30443963 -0.66354484
  1.81380779]","[-0.23490524  0.01960325  0.97086399 -0.04310866 -0.2722836  -0.76180307
  1.27334655]","[ 0.61943797  0.56031629 -0.3872289  -0.39037934 -0.36021236 -0.71723626
  1.33576571]","[ 0.12731291  0.27167186  0.07094303  0.95129013 -0.20449705 -0.32398121
  0.99247986]","[ 0.61008223 -0.73137591 -0.15847382  0.2603363   0.04290999 -0.79687999
  1.68868246]","[-0.28783576  0.08983118 -0.06726566  0.95108163 -0.24583381 -0.47112212
  1.65662526]","[  5.37794450e-01   4.47000390e-01   7.14819800e-01  -6.59502804e-04
   7.71364087e-02  -8.50131603e-01   1.56849192e+00]","[ 0.35765996 -0.09378019 -0.64016218  0.67340702  0.13523665 -0.19579386
  1.31972089]","[ 0.6026164  -0.76513793 -0.02448015  0.22542878  0.24567799 -0.50053702
  1.32224542]","[-0.29481527 -0.59077489  0.74795715  0.06803735 -0.0710425  -0.90422861
  1.32004737]","[ 0.29002197  0.15305952  0.7495847   0.57496331  0.38317523 -0.1280303
  1.00443124]","[ 0.90239193 -0.16639281  0.33616699  0.21211785  0.28347795 -0.52920935
  1.83311008]","[ 0.22930655  0.5954825   0.66750582  0.38373829 -0.35121951 -0.67265402
  1.30406124]","[ 0.37075638 -0.22742175 -0.47264508  0.766437    0.09630078 -0.27228133
  1.87757296]","[ 0.04719209  0.86674206 -0.10788105  0.48465738 -0.2475321  -0.28792881
  0.98639223]","[-0.1314632   0.43311397  0.49607355  0.74097284 -0.17067962 -0.17102312
  1.81323993]","[ 0.50150581  0.70606744  0.49448209 -0.07381161 -0.29407041 -0.63560819
  1.47785416]","[ 0.50479251 -0.23658991 -0.74250622  0.37134116  0.06203665 -0.80874102
  1.55494807]","[ 0.71029182 -0.15224402  0.53302538 -0.43381014 -0.35748835 -0.82195035
  1.41729113]","[-0.28296764  0.75872876 -0.3824335   0.44497707  0.02067061 -0.50539814
  1.76525261]","[-0.34732837 -0.3965939   0.00901154  0.84970293  0.00371988 -0.33775506
  0.89364992]","[ 0.00856251 -0.66854507  0.15453588  0.72738768 -0.26616499 -0.06034701
  1.71880572]","[ 0.52187158 -0.34255282  0.01185089 -0.78113199 -0.34829504 -0.61387771
  1.57023774]","[ 0.70917898 -0.20258093 -0.50462919 -0.44874884 -0.14279753 -0.64214707
  1.76036295]","[ 0.83344637  0.41912814 -0.28188067  0.22414736  0.53011118 -0.53051034
  1.70225847]","[ 0.21336486 -0.18182153  0.82902429  0.48387507  0.33439185 -0.4574223
  1.36769279]","[-0.29350395  0.3893442   0.60341235  0.63099926  0.25858879 -0.49592734
  1.10480572]","[-0.32827086  0.02966325  0.86516723 -0.37794708 -0.19306365 -0.75004183
  1.30573669]","[-0.22050969 -0.26781463  0.0145934   0.93778347  0.14954221 -0.25957662
  1.23763395]","[ 0.75038043  0.09779005  0.50406195  0.4162786   0.13342012 -0.61109227
  1.27015448]","[ 0.91335044  0.06100581 -0.37164841 -0.15474728  0.14777798 -0.91809973
  1.6332081 ]","[ 0.28373366 -0.33180599  0.3513006   0.82824385  0.42421972 -0.24298794
  1.34454266]","[ 0.27301043  0.37390142 -0.55162268  0.69381226 -0.0404834  -0.64508502
  1.78319131]","[-0.05776913  0.88955968 -0.0997979   0.44202567 -0.26003378 -0.46956718
  1.46296562]","[ 0.08846263 -0.03650447  0.92986631  0.35523293 -0.21950194 -0.74678758
  1.22723281]","[ 0.58888275 -0.71454767 -0.36733351 -0.08777715 -0.06986023 -0.68224174
  1.87760788]","[-0.05728287  0.73842149  0.64090963  0.20171074 -0.37391391 -0.37714891
  1.52995135]","[ 0.63391433  0.45285457 -0.41993324 -0.46554422  0.1988757  -0.69895439
  1.61099283]","[ 0.04216489  0.926123    0.25422484  0.27547783 -0.01397347 -0.25517731
  0.91450807]","[ 0.66601255  0.29372805 -0.18765531 -0.65949723 -0.45595475 -0.65216123
  1.41773797]","[-0.14421091  0.01248317  0.09693232  0.98470884  0.06913207 -0.04943267
  1.05160881]","[ 0.67323175 -0.40240347  0.5585686  -0.26987327 -0.04336626 -0.82405199
  1.19762849]","[ 0.69124308  0.28279316 -0.48881573 -0.45085498 -0.06604073 -0.5120921
  0.84329575]","[ 0.10612321  0.62683039 -0.0159488   0.77172998 -0.34706187  0.02324967
  1.16601146]","[ 0.25049648  0.12836742  0.04729369  0.95840316  0.02763181 -0.26655914
  1.89644993]","[ 0.24536716  0.70000814  0.66020792  0.11793665 -0.32195513 -0.40329336
  1.85584794]","[-0.18328636  0.80100952  0.51962526 -0.2340501  -0.17910052 -0.68568076
  1.28115953]","[ 0.05254127  0.14112452 -0.63079651  0.7611958  -0.19088956 -0.66900564
  1.6473774 ]","[ 0.03163229 -0.18130335  0.78710382 -0.5887241   0.21455643 -0.42093963
  1.88376413]","[ 0.450694   -0.22868674  0.86262344 -0.02140336  0.51287473 -0.29853106
  1.25926421]","[ 0.87017171 -0.16570171  0.21510111  0.41118809  0.11464464 -0.64064374
  1.39164909]","[ 0.5725257  -0.35264272  0.57317464  0.46832496  0.40291372 -0.23253208
  1.27941708]","[ 0.54203171 -0.4569334   0.11650413  0.69558629  0.23163418 -0.12721947
  1.75873058]","[ 0.56042606 -0.60435284 -0.34243643 -0.45101837 -0.33037359 -0.67462271
  1.81853466]","[ 0.62429298 -0.68723251 -0.26811548  0.25706779  0.09527665 -0.56113289
  1.88578112]","[-0.32566182 -0.17920864  0.71859855  0.5877455   0.01842907 -0.89056937
  1.39476252]","[ 0.62081636 -0.35581532 -0.3768742   0.58817373  0.04789551 -0.81048584
  1.54235925]","[  1.76428306e-01   1.16383530e-03  -7.01361846e-02   9.81810885e-01
   4.48838912e-01  -1.68090356e-01   1.83581338e+00]","[-0.05776836  0.81706327  0.45858676  0.34462824 -0.2893727  -0.4338583
  0.96583726]","[ 0.90563808 -0.09830796 -0.31611135  0.26500721 -0.06479311 -0.79958987
  1.64542544]","[ 0.36322042 -0.01830014 -0.04723188  0.93032531  0.48251557  0.10752021
  1.62868538]","[ 0.69441235 -0.26309192  0.54343573 -0.3914738   0.37956588 -0.76689758
  1.48726858]","[-0.34111883  0.8685172  -0.3235898  -0.15686127  0.2361268  -0.51746813
  1.93348184]","[ 0.86497202  0.28358758 -0.03577941 -0.41245765 -0.32751883 -0.4961914
  1.30135186]","[ 0.77765972 -0.49622647  0.14923213  0.35599778  0.04907444 -0.81877118
  1.37229529]","[ 0.76520806 -0.58435241 -0.08412016  0.25673466  0.24448964 -0.54673064
  1.68757913]","[ 0.84045867  0.09444189  0.5330821  -0.02309615 -0.31455689 -0.59525994
  1.57484799]","[ 0.50810863 -0.55408028  0.6493199  -0.11491008  0.30975797 -0.73722683
  1.52350776]","[ 0.82512466  0.15984966  0.35233779  0.41167398  0.44533857 -0.47450034
  1.25177047]","[ 0.60836634 -0.40235669 -0.65674685  0.19152826 -0.2027686  -0.70306485
  1.67008272]","[-0.22402579 -0.19910376  0.94826694  0.10468982  0.13062696 -0.67325239
  1.26604726]","[ 0.35330221 -0.19522516  0.88363413  0.23718223 -0.17387208 -0.69809044
  0.95739875]","[ 0.56437143 -0.08202137  0.17654365  0.80224044  0.22192004 -0.30911568
  1.80590756]","[ 0.80648282  0.58171832 -0.05722869 -0.08896143 -0.08318771 -0.8318283
  1.28332417]","[-0.23048126  0.09969693  0.09122307  0.96364789 -0.3421281  -0.50448227
  1.52896891]","[-0.29712856 -0.0725258  -0.52760775  0.79251794  0.02437998 -0.62544346
  1.36760051]","[ 0.38703605  0.18144978 -0.09810615  0.89869587  0.14814638 -0.0067287
  0.97936191]","[ 0.54049825  0.70784459 -0.22557065  0.39488676  0.31842002 -0.2026404
  1.86613574]","[ 0.86485514  0.41164322 -0.27224017 -0.0919822  -0.28991378 -0.57253816
  1.24063074]","[ 0.82042874  0.21634727 -0.5274446  -0.04350558  0.56204642 -0.29276502
  1.39616669]","[ 0.67903265  0.10651992  0.1606761   0.7083441   0.49715379 -0.49085113
  1.32877437]","[ 0.61689336  0.2219032   0.51446621 -0.55274413 -0.16612719 -0.83819911
  1.4463717 ]","[ 0.6795701   0.6157962  -0.22012127 -0.33245472  0.0879578  -0.86162772
  1.19974213]","[ 0.53172076 -0.15714863  0.82220539 -0.12866871 -0.24048359 -0.89500968
  1.61114608]","[-0.21286907 -0.20015788  0.27316414  0.91651783  0.05019775  0.12806594
  1.23657244]","[ 0.55276391  0.63231574  0.29803683 -0.45365507 -0.16175779 -0.60629095
  1.14449008]","[ 0.26749178  0.78682723 -0.48390602 -0.27420071  0.11936431 -0.79937349
  1.26041229]","[ 0.89049929 -0.00714294 -0.43392679 -0.13662917  0.20925084 -0.81663416
  1.36191888]","[-0.38359872  0.41717328  0.78667966 -0.24485423  0.01179746 -0.51808348
  1.82539579]","[ 0.44060961 -0.38305248  0.44747266  0.6774232   0.49044503 -0.55274002
  1.4686538 ]","[-0.43143052 -0.59808191  0.66790851 -0.10031925  0.40418131 -0.43895349
  1.54977147]","[ 0.17667126 -0.51449118  0.61903357 -0.56646582  0.09086387 -0.80402512
  1.82066279]","[-0.46954611  0.24415532  0.63129114 -0.56690927 -0.19643605 -0.47154878
  1.71141962]","[-0.47091505  0.05286252  0.33092785  0.81604615  0.30553906 -0.34308385
  1.19954597]","[ 0.16477931  0.83718056  0.51835358 -0.05732416 -0.54126159 -0.45701395
  1.25998062]","[ 0.70706645  0.58477796  0.37535094  0.13116192 -0.07827904 -0.57923699
  1.06277462]","[-0.00405091  0.29675619  0.72386078  0.62285225 -0.06242736 -0.34016179
  1.01451034]","[-0.3213027   0.91260327  0.21755645 -0.12879842 -0.35127065 -0.49644945
  1.47123755]","[ 0.34581636  0.34500112  0.7350766  -0.47015706 -0.49221908 -0.63041396
  1.21457732]","[ 0.09682633  0.8431091  -0.48659793 -0.20739854 -0.11005601 -0.11219037
  1.1770448 ]","[ 0.50821692 -0.47390209  0.48113694 -0.53445263  0.41854128 -0.139842
  1.86106254]","[ 0.1549272  -0.13952169 -0.15210934  0.96612319 -0.36385499 -0.07280123
  1.74797802]","[ 0.75066083  0.37327949 -0.24667563  0.48612949  0.36173279 -0.69369873
  1.69455148]","[ 0.91589941 -0.12043692 -0.32857589 -0.19662425  0.31247185 -0.63148109
  1.15138285]","[-0.12951081  0.43807398  0.75768681  0.46607814 -0.34006755 -0.24284063
  1.90179991]","[ 0.88865741 -0.18414837  0.35780041 -0.21990055 -0.22000805 -0.53421065
  1.11980877]","[-0.23550432  0.85567575 -0.26239481  0.37882144 -0.42101321 -0.26684493
  1.73092571]","[-0.08513767 -0.57490591 -0.30010858  0.75641894 -0.36676492 -0.46179705
  1.14636161]","[-0.22039839  0.79868265  0.04401335  0.55820551  0.14596238 -0.53547255
  1.73295214]","[ 0.80185934 -0.35192111  0.24947299  0.4134445   0.39965091 -0.2240595
  1.71308401]","[ 0.97297864  0.18833472  0.01287084  0.13295467  0.27501465 -0.63726472
  1.3506479 ]","[-0.13887803  0.39009981 -0.25019366  0.87517893 -0.036808   -0.51125322
  1.73696604]","[ 0.65118991 -0.17946334  0.72408374 -0.13945375 -0.10733501 -0.94944092
  1.38124243]","[ 0.09549025  0.3025774  -0.01793894  0.94815965 -0.17695522 -0.37463876
  1.09846361]","[ 0.14492893  0.79939348 -0.22873374 -0.5363269   0.30594262 -0.54045162
  1.21792525]","[ 0.2347811   0.57376969  0.67643478 -0.39762063 -0.35041576 -0.52017789
  1.32456836]","[-0.23577556  0.65449347  0.66022002  0.28312137 -0.18920248 -0.46141304
  1.02706519]","[ 0.51790073  0.44087955 -0.47738755 -0.5563319  -0.14237808 -0.83793461
  1.14083708]","[ 0.6784433  -0.45721694 -0.22879874  0.52755899  0.26643743 -0.7149341
  1.46283837]","[ 0.73248283  0.59897823 -0.3015979  -0.11718655 -0.23760565 -0.54310137
  0.92780553]","[ 0.83193673 -0.20943138 -0.50192846  0.10994363 -0.11010664 -0.5920733
  1.66870702]","[ 0.6566733   0.38264861  0.47079693 -0.44800723 -0.30765377 -0.80768611
  1.35084967]","[ 0.41397232  0.26315108  0.43433387  0.75546841  0.08792489 -0.70941141
  1.26900998]","[ 0.7229123  -0.06395126 -0.11493402  0.6783054   0.29697048 -0.72678865
  1.42451506]","[ 0.65290539  0.50145931 -0.50552177  0.2582651   0.18853353 -0.73790809
  1.07358303]","[ 0.21954322  0.2634635   0.31617445  0.88454592 -0.06496106 -0.64127461
  1.15796908]","[ 0.55010664 -0.55994564 -0.59273108 -0.18031482 -0.27320432 -0.56998702
  1.36716024]","[ 0.77250809  0.54331015 -0.3274185  -0.02902515  0.26324753 -0.85219093
  1.55530919]","[ 0.23034106 -0.19908963  0.83627805  0.45601024  0.19572993 -0.16355476
  1.24873263]","[ 0.7018996   0.22566339  0.4799808  -0.47542762 -0.38078173 -0.48557987
  1.51940871]","[-0.43123447  0.08410622  0.67590154 -0.59170946 -0.12999115 -0.7949073
  1.57282932]","[ 0.3881349   0.79771157  0.21912932  0.40618947 -0.06272959 -0.4914522
  1.3368379 ]","[-0.46419775  0.78765736  0.3035132  -0.26832083  0.00767057 -0.64762848
  1.71450974]","[ 0.72124299 -0.42178022  0.40142158  0.37519423  0.21964071 -0.83473905
  1.52072739]","[-0.29921145  0.23762226  0.92408664 -0.00848838 -0.07144925 -0.92371455
  1.48385709]","[-0.05095829  0.19659849  0.97012114 -0.13273002  0.02268724 -0.5973934
  1.9641133 ]","[-0.00224798 -0.13355091  0.70076314  0.70077823  0.3994759  -0.3906302
  1.12938024]","[ 0.0752281   0.03938016  0.49108236  0.86696485  0.35412374 -0.06618668
  1.00277397]","[-0.44222735  0.71363216 -0.06838729 -0.53896872  0.09553778 -0.54409179
  1.3961024 ]","[-0.15538896  0.81350619  0.54586086 -0.12687738 -0.35389929  0.04568965
  1.13310928]","[-0.18555342  0.20471599  0.95723987 -0.08575028  0.07731353 -0.39171448
  1.11966593]","[ 0.79734193 -0.46328099 -0.38667838 -0.00981813  0.16249263 -0.58844033
  1.46216391]","[ 0.51023314 -0.30259233 -0.71285983  0.37407338  0.20119678 -0.26464274
  2.05850782]","[-0.25334001  0.62152678 -0.45139634  0.58801756 -0.15782356 -0.73830102
  1.81086816]","[-0.20039435  0.95971086 -0.11706437 -0.15840801  0.4077538   0.17345837
  1.40004973]","[-0.31573056  0.43691588  0.80430957  0.2500097  -0.11070589 -0.63876631
  1.33255861]","[ 0.74275934 -0.25269146 -0.53883137 -0.30678387 -0.32236655 -0.37857325
  1.04101606]","[ 0.7480891  -0.26554093  0.36532687  0.48619646  0.17818467 -0.81999914
  1.6269136 ]","[ 0.3519812   0.91962064  0.16427588  0.05848546  0.42799002 -0.31479299
  1.50052013]","[ 0.65511556 -0.65682578  0.35151265 -0.12586645  0.11291511 -0.89088509
  1.52738521]","[-0.46334953  0.83878956 -0.25023058 -0.13828934  0.04585069 -0.25509095
  1.1397019 ]","[ 0.79348564  0.41150683 -0.44057975 -0.08325957 -0.40591479 -0.65160347
  1.2448177 ]","[ 0.25812086  0.80341747 -0.38126411  0.37753366  0.35314383 -0.65325793
  1.2982046 ]","[ 0.02328661  0.07918853 -0.0501639   0.99532432  0.48380909  0.00223307
  1.23491602]","[ 0.20174325  0.87872741  0.37948498 -0.2076751  -0.11604453 -0.53639651
  1.17539052]","[-0.13359268 -0.31173628 -0.22523379  0.91336916 -0.06090905 -0.53980716
  1.76590976]","[ 0.65817125  0.40389051  0.31837918 -0.5498343  -0.41270109 -0.67051732
  1.19120674]","[ 0.03711636  0.27436912 -0.042122    0.95998422  0.20768118 -0.54167958
  1.63390735]","[ 0.3969715   0.29728712  0.8613877  -0.10975078  0.020809   -0.88359314
  1.24325341]","[ 0.06915825  0.43725496  0.07735079  0.89333202 -0.16153944 -0.42250828
  1.62709572]","[ 0.73625295 -0.51525038 -0.35158668 -0.26236511 -0.58565724 -0.54148752
  1.64348558]","[ 0.02329798 -0.39437813 -0.44587602  0.80319217  0.35826349 -0.34544726
  1.51473307]","[ 0.70932557 -0.55350419 -0.41520378 -0.13452202  0.13229654 -0.70702347
  1.68539091]","[ 0.40232045 -0.64117946  0.08733505  0.6476108  -0.02676496  0.00781411
  1.2560764 ]","[ 0.04180905  0.87085229  0.11699711  0.47558383 -0.5122567  -0.14205606
  1.56956232]","[-0.17742452  0.89618981 -0.25959099 -0.31301259 -0.25093546 -0.15627658
  1.42083256]","[ 0.893707   -0.15840905 -0.21285172  0.36178518  0.05477944 -0.57523312
  0.99999357]","[ 0.56998045  0.17987775  0.79958339  0.05858911  0.03193095 -0.94792579
  1.36444977]","[ 0.56567536 -0.60321355 -0.2625502  -0.49720438 -0.29264922 -0.70687913
  1.81381823]","[-0.35006346  0.86755912 -0.28187355  0.21294139  0.29659773 -0.50998319
  1.48684148]","[-0.33179309  0.67649041 -0.57932931  0.31088844 -0.06159676 -0.74266931
  1.84559351]","[-0.45544519  0.5214124   0.71174546 -0.11881575 -0.13726223 -0.17678575
  1.28170591]","[ 0.3079867   0.48009427 -0.55294736  0.60737378  0.63603263 -0.40313179
  1.4766109 ]","[ 0.13734968  0.93369703  0.27330159  0.18614824 -0.08176406 -0.30378083
  1.00903839]","[ 0.58654183 -0.09154364 -0.72832698 -0.34224005 -0.16395317 -0.89125911
  1.6447885 ]","[ 0.64855017  0.07777068  0.26928545  0.70768619  0.29727805 -0.72870803
  1.4233026 ]","[ 0.36982307  0.26152676  0.83994217 -0.29888424 -0.07479991 -0.88661221
  1.68360464]","[ 0.54636074  0.30888409 -0.72856707  0.27435483 -0.03672702 -0.57609568
  1.34248156]","[ 0.63309297  0.21926104  0.7355422  -0.10047664 -0.0833586  -0.73999953
  1.84189656]","[ 0.0735847  -0.29569869  0.24126226  0.92137945 -0.2484934  -0.45865954
  1.12310386]","[ 0.07166519  0.11039213 -0.67538783  0.72562315  0.02408404 -0.74815037
  1.39176416]","[ 0.39996421  0.33610475 -0.26161384  0.81155433  0.56545732 -0.49900614
  1.38158144]","[-0.30820516  0.7853605  -0.21436844  0.49220386  0.14633972 -0.58638232
  1.62960025]","[ 0.10255502  0.96831899 -0.1955572  -0.11661128  0.47228188 -0.47475352
  1.37516044]","[ 0.44288017  0.8021944   0.21019483  0.34082171  0.1512831  -0.14643844
  0.98769667]","[ 0.28373743 -0.01279857  0.91813506 -0.2763282  -0.01038646 -0.8645063
  1.31033451]","[ 0.34807269  0.27285664  0.83368253 -0.33070849 -0.52342047 -0.3547664
  1.41304263]","[ 0.1377818   0.76496939  0.27221644  0.56721796 -0.08137018 -0.24681663
  1.7497108 ]","[ 0.36315351  0.74245127  0.34947044 -0.44131173 -0.30681662 -0.48429297
  1.76626633]","[-0.28147009  0.3255127   0.89843345 -0.08736938 -0.50275642 -0.64375767
  1.61008566]","[ 0.09570098  0.95448507 -0.09627925  0.26557462  0.1957517  -0.21735955
  1.72436936]","[-0.4831707  -0.11098849  0.80586309 -0.3237473  -0.20144598 -0.54382405
  1.31001337]","[ 0.33267641  0.60234625  0.26282961  0.67633276 -0.13635952  0.04715653
  1.65920525]","[ 0.68763867  0.61158827 -0.24788279  0.30276554  0.27643026 -0.27941415
  1.09285022]","[ 0.68859959  0.2979359   0.40676753  0.52115734  0.01311955 -0.66277434
  1.06554463]","[ 0.29760287 -0.19655236  0.93267037 -0.05408955 -0.11335004 -0.79844049
  1.14380327]","[ 0.85465022 -0.25949176 -0.28433057 -0.34841521 -0.2330626  -0.85787273
  1.39078803]","[ 0.65982479  0.27289396  0.60744857 -0.34808959  0.05309783 -0.71863275
  1.65998162]","[ 0.94717901 -0.051165   -0.31635327 -0.01243703  0.13733488 -0.81814659
  1.6066551 ]","[-0.28949901  0.94916064 -0.07696058  0.09675473 -0.31295933 -0.09019781
  1.43416825]","[ 0.11744924  0.33411753  0.05921927  0.93330822  0.12172644 -0.35790566
  1.57565267]","[ 0.55465439 -0.58491006 -0.07866123  0.58655873  0.04533679 -0.4840819
  1.33183843]","[ 0.25371939  0.17291917  0.95158859 -0.01430356 -0.19467404 -0.64854428
  1.90227932]","[ 0.39908419  0.61844195  0.16883992  0.65555659  0.40391427 -0.30616523
  1.70336082]","[ 0.26377019  0.13281009  0.76336774 -0.57450541 -0.64171415 -0.43480312
  1.53912378]","[ 0.55997436 -0.76375336  0.26559609  0.1804667  -0.19414387 -0.24624492
  1.34424415]","[ 0.03629121  0.89196308 -0.45036915 -0.01588845 -0.07832753 -0.39067143
  1.59763492]","[-0.43896918  0.70915469  0.53804544  0.12211795  0.19420484 -0.68736607
  1.64896391]","[-0.14348028  0.36291708  0.72053625 -0.57317721 -0.53540752 -0.08568928
  1.28368258]","[ 0.66618041  0.28105875  0.56373057 -0.39927119 -0.07653771 -0.90675496
  1.42196644]","[-0.31210052  0.57316677  0.60062132  0.46187352  0.03409469 -0.51260983
  1.00269898]","[-0.27236639  0.14971176  0.88331541  0.35093708 -0.45111946 -0.59290517
  1.62766994]","[ 0.53981303  0.74376341 -0.37167451 -0.13143798  0.2160803  -0.80436204
  1.17142214]","[ 0.71297853  0.13410246 -0.52017719 -0.45065933 -0.03433033 -0.92887622
  1.51385203]","[ 0.88651682  0.20302753  0.36632793 -0.19665097  0.02093929 -0.59019292
  1.72925628]","[-0.21834919  0.7451081  -0.32402513  0.54050464  0.13594915 -0.12706449
  1.90798006]","[ 0.34260697 -0.00724483  0.93942688 -0.00671705 -0.01470834 -0.54506231
  1.97687659]","[ 0.69840242 -0.10858979  0.29117774 -0.64471532 -0.21248508 -0.62043855
  1.93124933]","[ 0.15476299 -0.41331181  0.88274556 -0.16118942  0.2444415  -0.74019817
  1.54455251]","[ 0.29228503 -0.02913825  0.89195554  0.3437088   0.46946444 -0.55517146
  1.30184982]","[ 0.72254832  0.29597457  0.56780046  0.26062544  0.04390946 -0.52991116
  1.08025015]","[-0.48419755 -0.14052946 -0.21790189  0.83565721 -0.06073443 -0.43267767
  1.7480333 ]","[ 0.45004507  0.74093354 -0.28423933 -0.40949349 -0.25417536 -0.61704721
  1.05974864]","[ 0.64141363  0.42080938  0.31034633 -0.56142067  0.06501501 -0.08646492
  0.99116903]","[ 0.46405595 -0.60920355  0.63638198  0.09241794 -0.02685284 -0.69841608
  1.85155529]","[ 0.53270876 -0.50207576 -0.49110005 -0.47218857 -0.39502119 -0.23998126
  1.12438035]","[ 0.81603489  0.06875039  0.3862302   0.42448401 -0.32829372 -0.56685634
  1.48813594]","[ 0.41177732  0.46244991  0.7563659   0.21092685 -0.43466197 -0.30041816
  0.92805569]","[ 0.7592891   0.17839112  0.17962507 -0.59949271 -0.37749974 -0.21193637
  1.19911441]","[ 0.53576733  0.05884518  0.04507181  0.84110591  0.18776875 -0.02730791
  1.69938103]","[ 0.27189222  0.19193953  0.93381141  0.13126345 -0.30117632 -0.57411585
  1.20270517]","[ 0.50535302  0.49135132 -0.6955287   0.13939882  0.19042179 -0.89774388
  1.62246226]","[-0.36399992  0.77955372  0.40467021  0.30990656  0.01004226 -0.58417421
  1.72627389]","[ 0.33757496 -0.51788916 -0.2858061   0.73222185  0.01577273 -0.60640693
  1.77383232]","[-0.18672656  0.69519752 -0.60012565 -0.34883062 -0.10198872 -0.54662847
  1.26978983]","[ 0.79332601  0.60534448  0.0363025   0.05361002  0.07185183 -0.45575344
  0.91002015]","[-0.46940506  0.84611469 -0.02907574  0.25080554 -0.02823423 -0.68728762
  1.8017993 ]","[-0.32609931  0.8353766  -0.40224176  0.18440917  0.25804142 -0.06925432
  1.67697933]","[-0.02855123  0.75835815  0.65115789 -0.00843482 -0.52353855 -0.40536701
  1.20864667]","[ 0.28690883  0.93445973  0.18340323 -0.10407491 -0.39168444 -0.23497345
  1.52687176]","[ 0.51813508 -0.37526264 -0.75903776  0.12072975  0.17020602 -0.08682584
  1.81238171]","[ 0.60590927  0.10673058 -0.78627515 -0.05704326 -0.11087896 -0.7271559
  1.72266883]","[ 0.26498006 -0.30567294  0.81261853 -0.41952443 -0.12091649 -0.43570631
  2.06197109]","[-0.40770782 -0.20805967 -0.02986239  0.88859088 -0.46197111 -0.534189
  1.73079475]","[-0.22397822  0.11269097  0.95861033  0.13491011  0.07772596 -0.90974232
  1.40651678]","[ 0.82426468 -0.42975543 -0.19510014  0.31278418 -0.117992   -0.81465859
  1.31078021]","[-0.17234734  0.75690954 -0.18871668  0.60147349  0.49455598 -0.00536873
  1.39824603]","[ 0.33194387  0.5443194   0.76504138 -0.09078182  0.19147378 -0.17638111
  1.28004598]","[ 0.6946264   0.34030199  0.59180122 -0.22684804  0.15992636 -0.81495776
  1.46200485]","[ 0.81005469  0.58089162  0.07011116 -0.03821974  0.27930174 -0.68481032
  1.16640693]","[-0.39685288  0.17943572  0.12913381  0.89086198 -0.24249621 -0.55482657
  1.04840758]","[ 0.56212014  0.003459    0.8164565  -0.1319385  -0.04636999 -0.82918118
  1.74360709]","[ 0.8668244   0.35307012  0.25204012 -0.24583071 -0.54438556 -0.51958962
  1.29158474]","[ 0.55808937 -0.244502    0.79259924  0.02326974  0.20848559 -0.92870781
  1.54925876]","[-0.32195179  0.02411574  0.21520758  0.92165676 -0.07260624 -0.36582173
  1.63936949]","[ 0.70758154 -0.69462198 -0.02567974 -0.12715827 -0.19967921 -0.60455671
  1.89343438]","[-0.17771615  0.74173346 -0.3347056  -0.55337203  0.21293258 -0.67310377
  1.29540373]","[-0.24631918  0.64544767  0.18334762  0.69936244 -0.29669855 -0.25556598
  0.95701875]","[-0.47913663 -0.26812254  0.74787399  0.37312584  0.48076507 -0.52480994
  1.20058376]","[ 0.81135933  0.52599459  0.20599024  0.15031217  0.41868053 -0.53922927
  1.00948471]","[ 0.73133822  0.16573192  0.63532082 -0.1845123   0.11880809 -0.91179852
  1.45276997]","[ 0.7551258  -0.61238009 -0.00362175 -0.23401396  0.03681641 -0.64520433
  1.28661952]","[ 0.24330891  0.33167471  0.90710897 -0.08914023 -0.32224233 -0.68549503
  1.04206708]","[ 0.33369987 -0.14224057  0.87239977 -0.32761357 -0.14683543 -0.69215163
  1.57113858]","[ 0.53159537 -0.46954999 -0.65931795 -0.24945743 -0.44873048 -0.6140678
  1.83119069]","[ 0.95759646 -0.15340694 -0.22919153 -0.08334616  0.11558131 -0.94596455
  1.56429899]","[ 0.28996673  0.89266746 -0.33521727 -0.08181375  0.09624422 -0.32937839
  1.73454088]","[-0.32334611  0.02144482  0.94556988  0.02974931  0.22101064 -0.7165706
  1.62603619]","[-0.17534783  0.01671856 -0.35893697  0.91659035 -0.16398556 -0.58195289
  1.50941904]","[ 0.08989597  0.8522714  -0.33516096  0.39143239  0.01131734 -0.47136259
  1.0792246 ]","[ 0.91164416  0.21878019  0.26167593 -0.22927246 -0.3608692  -0.80832252
  1.31236223]","[-0.31808235  0.75017362  0.47707616  0.32933493 -0.53152427  0.00940667
  1.31794884]","[ 0.53928782  0.28889512 -0.70164299  0.36524699  0.48230533 -0.43252432
  1.90685742]","[ 0.77120571 -0.34334126  0.52977094 -0.08186137 -0.15377046 -0.47189357
  1.82416673]","[ 0.2441845   0.66984296  0.63329237 -0.30104004 -0.25428684 -0.75381982
  1.72940234]","[ 0.94931217 -0.07580459  0.27559722  0.1307908   0.18688067 -0.82144745
  1.12006438]","[-0.41434594 -0.21242532  0.13728368  0.87426891 -0.38960008 -0.07396435
  1.01755185]","[ 0.91819497 -0.31696047  0.08643812 -0.22131994  0.45275193 -0.39496686
  1.82202223]","[ 0.87087442  0.26931298  0.2938698   0.2875566  -0.00589303 -0.43877312
  0.83247905]","[ 0.51000224 -0.51160782  0.64093712 -0.25952795  0.16022724 -0.61029598
  1.84981083]","[ 0.30946661 -0.50255883  0.78648632 -0.1819459   0.06599661 -0.55971649
  1.73667973]","[ 0.49529005  0.68594566  0.52089523 -0.1132894  -0.09776635 -0.74252634
  1.23057229]","[ 0.56129235  0.34448973  0.17042864  0.73296098  0.34530286 -0.09582685
  1.76589929]","[-0.48452761  0.70395672  0.0786019  -0.51332219 -0.00311097 -0.34952332
  1.80844041]","[ 0.75706679  0.5088779  -0.0340142   0.40833344  0.24383229 -0.08804025
  1.62783485]","[-0.47613331  0.35549657  0.80360037  0.03384812 -0.03504787 -0.7054556
  1.02916568]","[ 0.71416725 -0.46545084  0.33810256 -0.39875721  0.03331024 -0.87229022
  1.69556746]","[ 0.30909181  0.92057566 -0.10870019  0.21257228  0.2521609  -0.07960017
  1.9162165 ]","[-0.37739898  0.55173482  0.72880247  0.14834305 -0.51644419 -0.5059033
  1.26785889]","[-0.17835598  0.45069861  0.82824106  0.28120572 -0.04195575 -0.75428369
  1.73276613]","[ 0.74792295  0.42084208  0.48524323 -0.16745808  0.20517786 -0.79728724
  1.20615165]","[ 0.28567462 -0.27035812  0.73479901 -0.55260014  0.00514116 -0.89562199
  1.43149691]","[ 0.60439591 -0.46341322  0.04105174  0.64673683  0.21894233 -0.74910983
  1.53382259]","[ 0.91989826  0.110203   -0.16348877 -0.33898954  0.10063739 -0.469225
  0.9155381 ]","[ 0.00299565  0.740466    0.64757371 -0.17985941 -0.38459763 -0.44548844
  1.05551574]","[ 0.16630908  0.28285914  0.80015599  0.50207806 -0.47343424 -0.47757345
  1.23042449]","[ 0.5489624  -0.14702541  0.1581991   0.80746322  0.53368199 -0.57985206
  1.31536385]","[ 0.72246147 -0.01689415 -0.01865467 -0.69095298 -0.08490485 -0.63232948
  1.26796727]","[ 0.36264472  0.35485323 -0.31723331  0.80120598 -0.02338326  0.11448495
  1.11726914]","[ 0.5979126  -0.79140888 -0.11884654  0.04525496 -0.30229855 -0.56353987
  1.52598827]","[ 0.01865698 -0.09006156  0.99015594 -0.1055085   0.19112946 -0.62095981
  1.02074288]","[ 0.93129447 -0.33279105 -0.11394898 -0.09463807 -0.16311971 -0.78727356
  1.21314401]","[ 0.10779247 -0.00761237  0.95076408 -0.290466    0.06127123 -0.21537793
  1.98918687]","[ 0.64971807 -0.37132682 -0.14071227 -0.64821515  0.12220719 -0.46651441
  1.93819327]","[ 0.19890149 -0.11711908  0.10764947  0.9670227   0.42942644 -0.26239131
  1.05941382]","[-0.30619568  0.64291645 -0.39772594 -0.57854708  0.26895866 -0.67527368
  1.40693852]","[ 0.52225082 -0.73670572 -0.42660673 -0.05025393 -0.01238516 -0.77377923
  1.67876516]","[ 0.00369803 -0.17718582  0.42557451  0.88739949  0.50504213 -0.09867894
  1.29011302]","[ 0.83821884 -0.01216807  0.37677181  0.39406106  0.26981758 -0.42690166
  1.04923476]","[ 0.36894446 -0.53543138 -0.2973371   0.6991308   0.09750818 -0.59629425
  1.78513439]","[ 0.12094709  0.27251971  0.95082321  0.08390488 -0.02978824 -0.74061066
  1.11938905]","[-0.03123045 -0.15733684  0.98295092 -0.08987359 -0.261823   -0.89497798
  1.35965807]","[ 0.44734225 -0.25040931  0.1852892   0.83836031  0.14906139  0.14081436
  1.02439328]","[-0.36705765 -0.09201478  0.89357272  0.24151556 -0.01048855 -0.56671383
  1.6075948 ]","[ 0.69205054  0.65542378 -0.20571774 -0.22173392 -0.03005039 -0.8146575
  1.10968661]","[ 0.82644214  0.46576424  0.30568893  0.08131014 -0.34408599 -0.45422025
  1.04362979]","[ 0.8202422  -0.33026406  0.10704872  0.45460858  0.2956057  -0.51841754
  1.70453563]","[ 0.88917544  0.01474292  0.22995414  0.395311    0.21594588 -0.73088488
  1.64024065]","[-0.09092835 -0.2763959   0.44641633  0.84619726  0.53317571 -0.22948312
  1.19488446]","[ 0.86799855  0.06971762 -0.05605936 -0.48844173 -0.48506849 -0.28378166
  1.61152719]","[-0.32005905  0.80569331  0.05558398  0.49530891 -0.29426746 -0.21933735
  1.31691748]","[ 0.55970034 -0.44815192 -0.55472884  0.42210343  0.31881297  0.07757641
  1.85872557]","[ 0.60499068  0.77109401 -0.14257007 -0.13810891  0.24827403 -0.49112203
  1.24625447]","[-0.36590914 -0.12257073  0.90921069 -0.15627808  0.10513026 -0.75376009
  1.19512472]","[ 0.79251854  0.38501628  0.43604872 -0.18313478 -0.25736061 -0.60883583
  1.11676247]","[ 0.58164985  0.24228519 -0.53704883  0.56085639  0.18609512 -0.82545481
  1.58435347]","[ 0.50382018  0.40477969 -0.54099502  0.53818493  0.43112294 -0.64488561
  1.78350209]","[-0.31916633  0.49482961  0.48721817  0.64489918 -0.31418755 -0.72533178
  1.61149777]","[ 0.32189306  0.26449796 -0.61220742  0.67203256  0.07962289 -0.79016973
  1.65682443]","[ 0.62388904 -0.45020941 -0.60363229 -0.20905026 -0.08135287 -0.61564928
  1.49740512]","[ 0.20040284  0.88871683 -0.40436346 -0.08069258  0.13992878 -0.33055991
  0.89798678]","[ 0.91129953  0.11744    -0.14680833 -0.36631725 -0.29316065 -0.80502584
  1.14516456]","[ 0.44982975 -0.38968161  0.73810788 -0.31780212 -0.04014974 -0.68762371
  1.62742499]","[ 0.50012937 -0.31750926 -0.01388239 -0.80552205 -0.08068206 -0.57930977
  1.65079398]","[ 0.58528341  0.51789872 -0.61951389 -0.07366673  0.20033109 -0.60279026
  1.55835475]","[ 0.57503507 -0.27123859  0.11431521  0.76334548  0.39707029 -0.17993965
  1.69279979]","[ 0.09409192 -0.09153238 -0.16236382  0.97796039 -0.2678212  -0.11799085
  1.24793621]","[ 0.35644147  0.82002578 -0.39108131 -0.21808853  0.32888811 -0.38189735
  1.384858  ]","[ 0.01348791 -0.27568179 -0.29413145  0.91504334  0.20986023 -0.10250266
  1.92431883]","[ 0.94727223 -0.28837313  0.13946809 -0.00805679 -0.1172304  -0.85836773
  1.47124831]","[ 0.22249643  0.39295505 -0.38187098  0.80638466  0.35729984 -0.06945154
  1.38800457]","[-0.29358603  0.70242627  0.51049696  0.39974672 -0.40579691 -0.63950114
  1.18651035]","[ 0.65089604 -0.68292789 -0.16283906 -0.28883782  0.02213805 -0.20691238
  1.85069499]","[ 0.06018092  0.66958293  0.06256071  0.73764701 -0.01940301 -0.17596652
  1.13440125]","[-0.05694688 -0.19383216 -0.43173679  0.87908446  0.02034899 -0.02840465
  2.03856371]","[ 0.3555909  -0.0150045   0.91636733  0.18330545  0.15052885 -0.93921876
  1.46781702]","[-0.17450159  0.35569375  0.89702137 -0.19591786  0.25385688 -0.58638694
  1.84323888]","[ 0.30815654 -0.15365384  0.6223618   0.70291951 -0.02929423 -0.2543706
  1.63352309]","[-0.3172853  -0.50583444  0.67277772  0.43684287  0.50706557 -0.41534121
  1.28064671]","[ 0.84995265  0.42348036  0.03440467 -0.31154648 -0.20498291 -0.82267175
  1.44924394]","[ 0.52108759  0.1832858  -0.80018061 -0.23363439  0.26646182 -0.87293251
  1.42074227]","[ 0.74189742 -0.66113908  0.08737908 -0.06962928  0.14001204 -0.64205992
  1.84636012]","[-0.41960997 -0.09717942  0.31098633  0.84721375 -0.22465204 -0.77878648
  1.25807999]","[-0.21835569  0.47102293 -0.01503441  0.85453623 -0.45696355 -0.48887103
  1.32688028]","[ 0.70111511  0.46360854 -0.4452253  -0.30867323 -0.48160555 -0.52685487
  1.18609969]","[-0.30974391  0.79692103 -0.14674517 -0.49743486  0.12122246 -0.01892357
  1.69313523]","[-0.47527941  0.66909738  0.31020212  0.47978414 -0.06876212 -0.30434046
  1.74622706]","[ 0.46425033  0.63125472 -0.24841538 -0.56945493 -0.39373151 -0.46106777
  1.03926757]","[ 0.73691386 -0.13767491  0.47661575 -0.45917427 -0.08013424 -0.70018516
  1.10666552]","[ 0.21841237 -0.43311983  0.75883358  0.43459734  0.41126277 -0.26850933
  1.17881171]","[ 0.40573587 -0.1868672   0.89421278 -0.02902694 -0.36825422 -0.48043753
  1.17434191]","[ 0.63087452 -0.22271501  0.3475743  -0.65695318 -0.27174127 -0.85031323
  1.3910115 ]","[ 0.59148236 -0.79753024 -0.04260045  0.11081216  0.24132655 -0.41744684
  1.35312283]","[ 0.88803791  0.04436142  0.12498117  0.44022771  0.50487224 -0.23152095
  1.7915228 ]","[-0.28572308 -0.12932286  0.92128006  0.22995863 -0.07721943 -0.71552808
  1.56776065]","[ 0.14618681  0.1849647   0.96823377  0.08331174 -0.2161373  -0.76160307
  1.08374144]"
