"[ 0.69728529  0.00628026 -0.69012152 -0.1936132   0.82048551 -0.34178754
  1.13940969]","[ 0.95056712  0.15986397 -0.15962787 -0.21303664  0.05119768  0.29303122
  0.14514084]","[ 0.96158401 -0.04826799  0.26652949 -0.0445918  -0.42510125  0.18929374
  0.32555161]","[ 0.88619505  0.1938402  -0.37301602 -0.19479055  0.50850766 -0.28829259
  0.47582503]","[ 0.58058388  0.17223048  0.79401358 -0.05292872 -0.30399205  0.03494461
  0.64928319]","[ 0.98359413  0.07460319  0.10670617  0.12486288  0.05644046  0.1904501
  0.18040865]","[ 0.81636207  0.02988543 -0.51409471 -0.26146981  0.4014243   0.02404845
  0.1468264 ]","[ 0.70692715  0.01632198  0.5808314  -0.40326479 -0.35691166 -0.16774596
  0.57746761]","[ 0.93130838 -0.17893439 -0.29482811 -0.11714763  0.41553345 -0.41738671
  0.42365303]","[ 0.94774661  0.05995186  0.29532721 -0.104709   -0.39787999  0.09950612
  0.21945577]","[ 0.85098375  0.01883878  0.49270787  0.18086102 -0.23915461 -0.01505363
  0.43429691]","[ 0.16313493  0.21929195  0.89467737 -0.35334182 -0.36115337  0.09427245
  0.8094584 ]","[ 0.70792036  0.0009001  -0.58771926  0.39170654  0.74761578 -0.15232064
  0.51434669]","[-0.45682224  0.15385529  0.86486321  0.14019132  0.83264441 -0.29901316
  0.98344479]","[ 0.90462662  0.02856985  0.37578554 -0.19904692  0.04095069 -0.06746454
  0.50935237]","[ 0.95214228 -0.25006479 -0.1086834  -0.13813257 -0.02951433 -0.42996762
  0.1541067 ]","[ 0.80794486 -0.09001612  0.58230432 -0.00662436 -0.04587925 -0.21141418
  0.34533446]","[ 0.88978999  0.43055991  0.15098035 -0.00984267 -0.1767711   0.31239547
  0.12828923]","[ 0.69617618 -0.37982155 -0.59000744  0.15154385  0.8052908  -0.21781909
  0.60195931]","[ 0.7009244  -0.04924414  0.66916254  0.24187083 -0.52384356 -0.09144113
  0.65666648]","[ 0.88991577  0.12345101  0.38674251  0.20794229 -0.3467545   0.25718181
  0.15493269]","[ 0.73925869 -0.27426939 -0.60300586 -0.12106537  0.73283949 -0.46388322
  0.71402136]","[ 0.87511349  0.0622306  -0.41167467 -0.24663273  0.48712501 -0.35196566
  0.64988022]","[ 0.70161359  0.34871294  0.61928371 -0.05123806 -0.01794283  0.16402372
  0.39193674]","[ 0.91695218 -0.29655737  0.02720792 -0.26554125  0.30704425 -0.44046804
  0.52591522]","[ 0.7471704   0.20274711  0.47656992 -0.41654664 -0.14006063 -0.10756496
  0.29307481]","[ 0.72902435  0.37474111  0.51332897 -0.2541377  -0.04755923  0.12512465
  0.37673534]","[ 0.6592967   0.02235944  0.74618393 -0.08965184 -0.53283118  0.08141285
  0.78503855]","[ 0.56379975  0.03997366  0.79386634 -0.22429486 -0.66766866  0.04134914
  0.67630375]","[ 0.96329501 -0.11432581 -0.04180444 -0.23925869  0.20673199 -0.38688545
  0.50520604]","[ 0.76986486  0.15458167 -0.58675738 -0.19780896  0.61239804 -0.19134229
  0.57523404]","[ 0.94534022 -0.19684364  0.20853036 -0.15524025  0.09664686 -0.28420079
  0.28011234]","[ 0.92789536  0.1463125  -0.27287696  0.20770417  0.78036455  0.0888686
  0.58253346]","[  9.80216279e-01  -6.70185640e-04   1.86680659e-01   6.57717876e-02
  -1.17937457e-01  -1.55260184e-01   3.50566850e-01]","[-0.28787827  0.35776907  0.88524628 -0.07393523  0.7527548  -0.35678756
  1.25219386]","[ 0.71531927  0.4508841   0.50073587 -0.18516334  0.0697075   0.05789611
  0.5641657 ]","[ 0.97792998  0.15943505  0.0026945   0.13500431  0.0430514  -0.07189671
  0.00533959]","[ 0.94991561 -0.29476924  0.06741892  0.0789058   0.40111818 -0.18206235
  0.53292448]","[ 0.77203096 -0.23251054 -0.59117181 -0.02056528  0.70807893 -0.03063893
  0.77454608]","[ 0.7130614  -0.29619859  0.63543328 -0.00586385 -0.03192482 -0.31912217
  0.47365911]","[ 0.82183177 -0.35921852  0.4142566  -0.15474514 -0.34526441 -0.20554524
  0.52708035]","[ 0.72231124 -0.09264141  0.684073    0.04157121 -0.38446822 -0.14413571
  0.4412756 ]","[ 0.36227106  0.03196131  0.89307378 -0.26487238 -0.39027173 -0.04557437
  0.70254851]","[ 0.5837583  -0.14653557 -0.79159438 -0.10550793  0.86861855 -0.05839907
  0.8108375 ]","[ 0.35562143  0.41998345  0.83486394 -0.01222735 -0.23818126  0.16998385
  0.81575997]","[ 0.96206223 -0.18678636 -0.18079948  0.08281704  0.08296778 -0.03743375
  0.04480364]","[ 0.72069634 -0.46369228 -0.50568792  0.09932763  0.83322782 -0.32756266
  0.72097608]","[  9.25677312e-01  -8.36015892e-04   1.27267835e-01  -3.56263546e-01
  -2.58977735e-01  -9.85465283e-03   2.43789667e-01]","[ 0.93121264  0.25977807 -0.0615748  -0.24812682  0.49864513 -0.21783671
  0.61236016]","[ 0.68506976  0.00455296  0.7270729   0.04498547 -0.54669882 -0.09322747
  0.38698155]","[ 0.70741671  0.00085392  0.69608637  0.12257499 -0.53893229 -0.06162782
  0.33509237]","[ 0.97149377 -0.06857426 -0.19155167 -0.12167739  0.18726963 -0.25522837
  0.08128937]","[ 0.917367    0.14722078 -0.32527728 -0.17595034  0.395584   -0.00275776
  0.16933992]","[ 0.95926037  0.09515683  0.07592173 -0.25495219  0.38284458 -0.01309248
  0.09368705]","[ 0.88598973  0.35485427  0.2256146  -0.19544486 -0.14686484  0.28414975
  0.40057271]","[ 0.91738787  0.24495084  0.27792702  0.14544814  0.00733979  0.17819282
  0.21442968]","[ 0.91732321 -0.38901449 -0.01564933  0.0833124   0.42268674 -0.31755627
  0.41484127]","[ 0.67968417  0.30573662  0.66343784  0.06636854 -0.5483675   0.05470633
  0.47710481]","[ 0.7389907   0.234258   -0.5737866  -0.26416827  0.683179   -0.54960404
  0.83856824]","[ 0.51818616 -0.3721983  -0.74916795 -0.17804189  0.73552207 -0.58257343
  0.99323489]","[ 0.69122449 -0.34872061 -0.62192609 -0.11751843  0.70274817 -0.6586383
  0.95620765]","[ 0.98463997 -0.02636746  0.17254268 -0.00423178 -0.32908905 -0.03513554
  0.27302195]","[ 0.8715011   0.19407347  0.18956156 -0.40851895 -0.30737611  0.01396915
  0.09775019]","[ 0.88477331 -0.34703357 -0.30995253 -0.02594848  0.45096131 -0.65674118
  0.35821401]","[ 0.9558429  -0.09604351  0.13703351 -0.24158191 -0.41375997 -0.3811089
  0.39984244]","[ 0.80128184 -0.01294918  0.47236978 -0.36694213 -0.36896482 -0.48942707
  0.23109457]","[ 0.9580477  -0.08907228 -0.2687227  -0.04470836  0.2551228  -0.40839135
  0.24474304]","[ 0.72264529  0.0419356   0.67442785  0.14550693 -0.42537438  0.08188708
  0.40399447]","[ 0.94679117  0.0824961   0.24005345  0.19787675 -0.07550058  0.04817861
  0.40783739]","[ 0.7362833   0.04602926 -0.56963647 -0.36232927  0.69527113 -0.338714
  0.55891455]","[ 0.9462101  -0.26099908 -0.19036439  0.01809226 -0.02187607 -0.24608369
  0.10535615]","[ 0.94654923  0.31111503  0.060152   -0.06028033  0.35598339  0.24064021
  0.16327408]","[ 0.89484341  0.43991312  0.06804195 -0.03319649  0.05290994  0.14031419
  0.53664943]","[ 0.97410359 -0.05538266  0.11679175 -0.18551185  0.36386081 -0.48774728
  0.27671782]","[ 0.86959743  0.09416834 -0.48164177  0.05434931  0.39534232 -0.14472234
  0.16347052]","[ 0.83628083  0.43302335  0.31775775 -0.11025044  0.16337481  0.17923383
  0.33032345]","[ 0.87928373 -0.33502127  0.31425553 -0.12595372  0.14236859 -0.64691379
  0.26609588]","[ 0.98932683  0.03778513  0.03914431 -0.13517552 -0.20125665  0.13242547
  0.06875169]","[ 0.93971332  0.32176547  0.04403561  0.10708275 -0.34105187  0.01063694
  0.10314697]","[ 0.99350825  0.09064817 -0.05347391 -0.04318352  0.13387569 -0.00475435
  0.28981062]","[ 0.60981078  0.16202497  0.77478479 -0.0398403  -0.19195393  0.02340741
  0.5703811 ]","[ 0.92630941  0.01153362 -0.37535151 -0.03048092  0.44347166 -0.24503546
  0.26560546]","[ 0.88929216 -0.19184138  0.37381212  0.18061238 -0.05172321 -0.1498856
  0.25088912]","[ 0.87896926  0.404193    0.1168073  -0.22449302  0.29132309  0.16657861
  0.25742654]","[ 0.93219998  0.18081772  0.31195094 -0.03153977  0.10474801 -0.02607294
  0.4047621 ]","[ 0.02917558 -0.04706721  0.99186129 -0.11465013 -0.33324016 -0.13276421
  0.9006188 ]","[ 0.72322179 -0.11872617  0.49389862 -0.46788726 -0.56465027 -0.31875911
  0.27296832]","[ 0.66577823  0.21583317 -0.68554325  0.20046408  0.83073535  0.05814702
  0.66448477]","[ 0.92573802 -0.02962519  0.20086381 -0.31903792  0.24062976 -0.47723355
  0.25871054]","[ 0.75725022 -0.52667425 -0.34294704 -0.17768983  0.63222576 -0.71717337
  0.92110462]","[ 0.81603688  0.08371658 -0.43951384  0.3659275   0.79575206  0.02924364
  0.54443256]","[ 0.94939568 -0.14427802 -0.25810004  0.10590594  0.6476133  -0.16922172
  0.65117526]","[ 0.69664932  0.11728203  0.52392541 -0.47584326 -0.45839391  0.15663884
  0.59378258]","[ 0.80594863 -0.0312877  -0.50138155 -0.31318434  0.56369679 -0.25568589
  0.57557944]","[ 0.14516307 -0.08369525  0.92863409  0.33100077 -0.5127221  -0.18972127
  0.80747386]","[ 0.94059468 -0.15478282 -0.21177399 -0.21558223  0.20104353 -0.60249067
  0.18642606]","[ 0.98160053 -0.00236239 -0.18228846 -0.05679558  0.33342417  0.14654228
  0.37303851]","[ 0.84446212 -0.50717067  0.17219524 -0.00323037 -0.06703557 -0.53543953
  0.33766944]","[  9.27628211e-01   2.61070935e-01   1.32629503e-01  -2.31856172e-01
   3.35868235e-01  -3.25108960e-04   3.21462116e-01]","[ 0.98506414 -0.09349078 -0.0990842  -0.10531111  0.31360957 -0.06366264
  0.11222011]","[ 0.89753257 -0.04526605 -0.43676346 -0.04029826  0.50574798 -0.14100783
  0.48109468]","[ 0.55232845  0.28669522  0.78257962 -0.01755762 -0.51656898  0.00814717
  0.83149023]","[ 0.97943175 -0.09323689 -0.13159779 -0.12125325  0.68518844 -0.48911011
  0.5471085 ]","[ 0.86023789 -0.03540382  0.38968087 -0.32693448 -0.01854366 -0.29126227
  0.22550317]","[ 0.98399409 -0.17148664  0.03225404 -0.03616126  0.59489101 -0.28401349
  0.37829754]","[ 0.628636    0.03617419  0.77653963 -0.02223554 -0.64724563 -0.20665363
  0.46730011]","[-0.40265359  0.08028724  0.90992356  0.05884866  0.75072997 -0.44603357
  1.18897194]","[-0.41715324  0.13805856  0.89478263  0.07929097  0.75181305 -0.39425789
  1.08723052]","[ 0.85285512 -0.47285858 -0.2191343  -0.03198542  0.15245262 -0.73198724
  0.30732145]","[ 0.99434254 -0.0558566   0.07852085  0.0446927  -0.39309548 -0.43370432
  0.19747097]","[ 0.83077807 -0.24466408  0.45294987 -0.21162159 -0.68466948 -0.16094016
  0.41432685]","[ 0.5642556  -0.10939101  0.81577344  0.06452067 -0.45853415 -0.24609647
  0.53219692]","[ 0.95264427  0.25064141  0.10030842  0.13994999 -0.29533005 -0.05250801
  0.09768923]","[ 0.40204583  0.08755466  0.89228058 -0.18581898 -0.4178864  -0.04511574
  0.68145094]","[ 0.64444929  0.09174254 -0.72693799  0.21869974  0.85584186 -0.07639438
  1.08865082]","[ 0.88916215 -0.01647265  0.34782119 -0.29688339 -0.33254039  0.04851222
  0.08433056]","[ 0.90517245  0.15560165  0.36041315 -0.16295192 -0.11821387 -0.0970123
  0.46467745]","[ 0.92730514  0.24001996 -0.23939893 -0.15869385  0.24688069  0.18624798
  0.21599265]","[ 0.87495749 -0.41107778 -0.20827381  0.14861516  0.71951351 -0.22013274
  0.63321888]","[ 0.76244469 -0.2519962   0.52348945 -0.2848417  -0.57852584 -0.04474899
  0.53734537]","[ 0.8728422  -0.03209874  0.4858147  -0.03316992 -0.05164153 -0.28799873
  0.14800632]","[ 0.94889942 -0.18499363 -0.24851179  0.06007609  0.80901292 -0.350594
  0.69751784]","[ 0.97484677  0.11588151 -0.01600553 -0.18970786  0.1407973  -0.01629473
  0.37228758]","[ 0.89221198  0.11126889  0.43767495  0.00420172 -0.13842658  0.34837769
  0.15423503]","[ 0.80950823 -0.17032555 -0.55949765 -0.05145885  0.57830918 -0.5645681
  0.68049879]","[ 0.42570564  0.28368044  0.85524506  0.08280096 -0.46792934  0.33577796
  0.67382134]","[ 0.82190469 -0.55995689 -0.07660711  0.07107961 -0.27080808 -0.67797932
  0.33239965]","[-0.47257871  0.55727079  0.68243347 -0.02007986  0.73202563 -0.54322094
  1.1395367 ]","[ 0.94598366 -0.28220665 -0.05008189 -0.1515458  -0.13702993 -0.3362965
  0.22137054]","[ 0.86769192 -0.1649569  -0.29708775 -0.36282066  0.25997836 -0.29910746
  0.65947214]","[ 0.92104591  0.10355782 -0.32913978 -0.18060238  0.1229036   0.11365816
  0.06457341]","[ 0.80224766 -0.16653021 -0.57279291  0.02397213  0.7012957  -0.36660956
  0.65904457]","[ 0.99232052  0.07731387 -0.00910739 -0.09612289  0.57555384 -0.24986669
  0.50991105]","[ 0.92186905 -0.09632838 -0.20561424 -0.31400809  0.13711207 -0.16921296
  0.1098666 ]","[ 0.46656455  0.06840504  0.84810793 -0.24155995 -0.47300988 -0.03696176
  0.81621705]","[ 0.86955774  0.33342676  0.36409065 -0.01157303 -0.18857172  0.27613671
  0.34233173]","[ 0.81361006 -0.21883117  0.50401424 -0.19005589 -0.04236112 -0.35418508
  0.51472577]","[ 0.9094724   0.00611583  0.20742604 -0.36027348 -0.11398143 -0.38239188
  0.16142075]","[ 0.94869966  0.05457453  0.28005519  0.13623383 -0.36038116  0.05376337
  0.38162895]","[ 0.75483685 -0.00410037  0.64952801 -0.09120241 -0.33207306 -0.11443304
  0.68048869]","[ 0.78362069 -0.55737093 -0.10876108 -0.25188747  0.01989313 -0.76333396
  0.30780195]","[ 0.91813649  0.03977614  0.23428541 -0.31710187  0.35451325 -0.36763488
  0.41977434]","[ 0.96184217  0.21599872 -0.12923526  0.10724949  0.68807321  0.19842466
  0.7535359 ]","[ 0.96041995  0.16527926  0.18360303  0.12870978  0.12370708  0.22564454
  0.25260881]","[ 0.72676738 -0.26595943 -0.57804232 -0.25873119  0.73853823 -0.55713294
  1.00542834]","[ 0.94786392  0.20782147  0.03816571 -0.23855315  0.25260054 -0.22858992
  0.07603084]","[ 0.50955474 -0.13554108  0.8185909   0.22779708 -0.43898858 -0.20118802
  0.59524129]","[ 0.94342405 -0.19973125 -0.25617713  0.06657155  0.48979948 -0.13547751
  0.15860668]","[ 0.8045312   0.32419049 -0.49760014 -0.00491608  0.86576562  0.07910946
  0.79096513]","[ 0.9340165  -0.07346232  0.17583119 -0.30215865  0.09908147 -0.50038174
  0.4513588 ]","[ 0.89859041 -0.23706325  0.34899347 -0.12058131 -0.28578806 -0.41213203
  0.58603576]","[ 0.60292906 -0.3596365   0.69031661 -0.17493176 -0.18655827 -0.45580297
  0.56811297]","[ 0.95601094 -0.26916655 -0.07505027 -0.08921828  0.22068188 -0.33834339
  0.3911125 ]","[ 0.74513046  0.37953887  0.45865173 -0.30061508 -0.48139195  0.30657343
  0.64780849]","[ 0.98165126  0.01411482 -0.17860232 -0.06529006  0.38543416 -0.31241052
  0.28312794]","[ 0.87147814  0.15595444  0.28973773 -0.36367034 -0.28925258  0.06742735
  0.22016459]","[ 0.90548958  0.12524002  0.38776155  0.11850963 -0.27515765  0.05673706
  0.3570667 ]","[ 0.977582   -0.18226675 -0.10534317 -0.00388268  0.24628992 -0.091544
  0.35567727]","[ 0.96483192  0.03861878  0.23553213  0.11014791  0.17161302 -0.03489636
  0.45335335]","[ 0.90309416  0.36890253 -0.03297117 -0.21735861  0.31741089 -0.03904557
  0.57331454]","[ 0.64216303 -0.05082899  0.76179104 -0.06868385 -0.37055389 -0.14772109
  0.73089023]","[ 0.96975301 -0.06505222 -0.23326677  0.03056029  0.36836685 -0.26155357
  0.28400704]","[ 0.88348077 -0.45632    -0.01447325  0.10499674 -0.06755605 -0.71389366
  0.25875577]","[ 0.68336467 -0.15514291  0.68857589 -0.18656542 -0.19177758 -0.29740803
  0.53584471]","[ 0.90573228 -0.30285354 -0.03542103 -0.29440469  0.02232941 -0.70824655
  0.30855737]","[-0.3727637   0.2129099   0.81759202  0.38374455  0.74544768 -0.51831738
  1.08720792]","[ 0.94773584 -0.1774533   0.26429947  0.02128104 -0.01238622 -0.28787459
  0.23465533]","[ 0.79598981  0.14834972  0.39629793 -0.43282852 -0.38612951 -0.19211637
  0.14038415]","[ 0.88847159  0.15697788  0.27156243 -0.3350075   0.1212418  -0.12035963
  0.05167871]","[ 0.71297189  0.16779273 -0.62748105 -0.26416703  0.73213938 -0.61493423
  0.97701991]","[ 0.83769732  0.14085996  0.32551428 -0.41528558 -0.29144856 -0.01109348
  0.05131391]","[ 0.84829205  0.18900861  0.46265062 -0.17501644 -0.20234345 -0.0668185
  0.20435789]","[ 0.82701562 -0.07880531  0.36598473 -0.4193925  -0.62390149 -0.01189575
  0.31959719]","[ 0.95765851 -0.08651049  0.14378632 -0.23394788  0.38888378 -0.47233083
  0.46549562]","[ 0.91468192 -0.21178745 -0.21938263 -0.26528159  0.65476804 -0.50147335
  0.75962793]","[ 0.7986473  -0.16953453 -0.49145094  0.30314435  0.83388588 -0.1877257
  0.57884572]","[ 0.80338378  0.15584153  0.53022917 -0.2216866  -0.32475064  0.03794902
  0.62968148]","[ 0.93763487 -0.18024354 -0.28905426  0.06928749  0.48575294 -0.6794566
  0.4696934 ]","[ 0.93244687  0.28089628 -0.22636341  0.019993    0.41541498  0.04938322
  0.16956736]","[ 0.61747099  0.23237207 -0.74228291  0.11725562  0.88458337 -0.03569976
  0.91955537]","[ 0.76398214 -0.1213213   0.60336018  0.19382704 -0.43224475 -0.16848281
  0.23770225]","[ 0.92776328 -0.27241735 -0.16884287  0.19114438  0.75466559 -0.02349776
  0.73346394]","[ 0.12451601  0.18293944  0.91774266 -0.32981409 -0.38475287  0.08324621
  0.92192764]","[ 0.7808952  -0.21968516 -0.57681023  0.09607853  0.81577014 -0.17652115
  0.74491235]","[ 0.79955029 -0.09155187  0.55270565 -0.21645799 -0.16134785 -0.32175936
  0.35476121]","[ 0.8938098  -0.03208948 -0.447235   -0.00742682  0.88467823 -0.12189186
  0.87277533]","[ 0.93957539  0.06096185  0.28323896 -0.18236619 -0.19843175 -0.08952949
  0.02117697]","[ 0.90343533  0.10152163 -0.41604357 -0.02014256  0.58474551  0.28419208
  0.41306797]","[ 0.84633164  0.42253679 -0.31448519 -0.07927468  0.39131617  0.02710334
  0.58598697]","[ 0.72457528 -0.4918304  -0.48139811 -0.03673385  0.44422701 -0.77353257
  0.64485256]","[ 0.95288742 -0.05987835 -0.1298065  -0.26752648 -0.27742298 -0.40460454
  0.13586062]","[ 0.983012    0.05251487  0.17397543 -0.02573216 -0.1237133  -0.11929459
  0.34180993]","[ 0.92455745 -0.11135599  0.09928156 -0.35062306  0.02200665 -0.1926874
  0.00457632]","[ 0.95589148  0.08386337 -0.27796215  0.04444613  0.33593162  0.17903314
  0.50726095]","[ 0.87867688  0.36705221 -0.2407549  -0.18771439  0.67880397 -0.31847944
  0.79575061]","[ 0.9526783   0.26481958  0.1460558   0.03069774 -0.15557288  0.27970302
  0.21991187]","[ 0.93800156  0.219183    0.26794987 -0.01774138  0.31393087  0.05370109
  0.16793942]","[ 0.83316252 -0.48479352 -0.09458407 -0.24873541 -0.04254424 -0.57368905
  0.23046245]","[ 0.89053978  0.3361116   0.27669647 -0.13193542  0.20174425 -0.01633067
  0.44251502]","[ 0.93717433 -0.0931048   0.3341345  -0.03728147  0.1255895  -0.24577645
  0.38659117]","[ 0.88473447 -0.13040491  0.44656132  0.02867873 -0.20693591 -0.36495562
  0.22767821]","[ 0.80046067 -0.12327944 -0.54758826 -0.21026649  0.82285074 -0.12397029
  0.74568695]","[ 0.9009611  -0.35869105  0.17155778 -0.17371748 -0.14168712 -0.36397017
  0.37712301]","[ 0.94099964  0.037191   -0.33577496 -0.0197911   0.80403734 -0.31885376
  0.68196529]","[ 0.95499645 -0.21578897  0.19087507 -0.07059465 -0.39059498 -0.12766824
  0.09959048]","[ 0.97802588  0.02074763  0.01611265 -0.2068219   0.33921787 -0.14749813
  0.53346681]","[ 0.51099113 -0.21395093 -0.81274732 -0.18042966  0.62121437 -0.64768617
  0.79650627]","[ 0.70672809  0.19414364 -0.67937101  0.03603728  0.62479324  0.21585769
  0.42846854]","[ 0.96516733 -0.06145013 -0.24198389  0.07822858  0.55332593  0.13825355
  0.27477078]","[ 0.8595102   0.08845091  0.35254969 -0.35934297 -0.30937817 -0.1773844
  0.0878978 ]","[ 0.93377963 -0.2922487   0.06221707 -0.19691455  0.22094712 -0.45636133
  0.3761819 ]","[ 0.79884305 -0.12271103 -0.44301381 -0.38798266  0.6585909  -0.48068769
  0.64474568]","[ 0.84019076  0.05090901  0.34275183 -0.4171438  -0.0222595  -0.33428407
  0.45752169]","[ 0.59369419 -0.14254842  0.71404692 -0.34255532 -0.25471373 -0.32854452
  0.58815282]","[ 0.86251468 -0.19098704 -0.4685418  -0.00780755  0.70036418 -0.49404648
  0.87326688]","[ 0.50606057  0.19960369 -0.8256946   0.14929666  0.82078994  0.02381331
  1.16697242]","[ 0.61198159 -0.10425781  0.78270901 -0.04444604 -0.58724309 -0.02375395
  0.53066078]","[ 0.40702289  0.20407413  0.86529157  0.20965831 -0.30383712  0.06013667
  0.77861474]","[ 0.95273734 -0.0187378   0.30133852  0.0336979   0.10606767  0.04071287
  0.37633474]","[ 0.9373697  -0.01620057  0.29998687 -0.17630505  0.28638645 -0.24205069
  0.59391336]","[ 0.66997451 -0.0132482  -0.65055127 -0.35740968  0.80540108 -0.23273546
  0.74105614]","[ 0.87799139 -0.06191118  0.39130975 -0.26865368 -0.60375848 -0.33233702
  0.46017252]","[ 0.88447316 -0.22816565 -0.13056311 -0.38548793  0.02421872 -0.18386894
  0.05210312]","[ 0.72642619  0.18843947  0.58058888 -0.31577223 -0.37516284  0.075446
  0.39567453]","[ 0.91356332 -0.32909626 -0.23504232  0.04304432  0.13726017 -0.36714886
  0.17219086]","[ 0.40564632 -0.13524313  0.90088417  0.07461951 -0.53305627 -0.17711431
  0.76455008]","[ 0.92893351 -0.34356088 -0.12950598  0.04771435  0.05999078 -0.34554246
  0.05622454]","[ 0.98273263 -0.13175943  0.08515827  0.0981025   0.32584844 -0.41314527
  0.14444706]","[ 0.75068278  0.03017385  0.65331653  0.09350091 -0.41990413  0.00935914
  0.4133127 ]","[ 0.91867133  0.25691136  0.11687614 -0.27636844 -0.11066072  0.22378703
  0.07177908]","[ 0.88473005  0.28604749 -0.28419312 -0.23380298  0.4945849  -0.15063709
  0.57893717]","[ 0.77857471 -0.25580552 -0.55511386  0.14224476  0.55010017 -0.44236972
  0.77610248]","[ 0.75236621  0.25322263 -0.6052648   0.05897375  0.72129004 -0.0219728
  0.54434032]","[ 0.83310399  0.07754645  0.47939533 -0.26477237  0.06101257 -0.19365914
  0.46166463]","[ 0.73359425 -0.14552325 -0.62058046  0.23567424  0.81730578 -0.00278874
  0.80466149]","[ 0.04034534  0.07741698  0.96021184 -0.26527738 -0.34070724 -0.01840322
  0.90317239]","[ 0.64100012  0.02678582 -0.73468534 -0.2205421   0.76322387 -0.40155092
  0.95190059]","[ 0.93670295  0.21030085  0.20120316 -0.1946238   0.40998965 -0.16002313
  0.47507333]","[ 0.87288415 -0.05917829  0.48153563  0.05190972 -0.49799575 -0.12514555
  0.35591578]","[ 0.95459625  0.10241356  0.15822821 -0.2306974   0.35072472 -0.21520073
  0.57436101]","[ 0.3804418  -0.30087007  0.87436411  0.01512075 -0.47753671 -0.35303903
  0.77479239]","[ 0.83909589  0.25758629  0.47447038  0.06667271 -0.32063783 -0.01898619
  0.39091761]","[ 0.86379839  0.00268798  0.49498497  0.09399461  0.16747298 -0.03158174
  0.46912362]","[ 0.76894539  0.06686551  0.4573725  -0.44165868 -0.53627258  0.06377367
  0.54429625]","[ 0.8664873   0.07305459 -0.44062004 -0.22297257  0.6764699  -0.21119728
  0.46351602]","[ 0.97417792 -0.16272259  0.05994015  0.14458877  0.4912432   0.01397175
  0.21527729]","[ 0.87380027 -0.19393326  0.44062407 -0.06865434 -0.14348891 -0.29204146
  0.5267412 ]","[ 0.96912792  0.01643058  0.17313058  0.17477673  0.07136367  0.01790094
  0.40749428]","[ 0.9691202   0.07816697  0.11292931 -0.20479972  0.39369256 -0.32218672
  0.28701084]","[ 0.9558194   0.04870358 -0.28621779  0.04600661  0.62415341  0.25846124
  0.50132642]","[ 0.81717941 -0.07169525  0.5706934  -0.03723776 -0.51647623  0.06873184
  0.55047229]","[ 0.94239632  0.14886453  0.28811733 -0.08195685  0.16364608  0.07212163
  0.29648161]","[ 0.97094171 -0.16566141 -0.13279327  0.11042846  0.51314224 -0.21128734
  0.47008632]","[-0.45926301  0.25835793  0.84896931 -0.03974656  0.7833737  -0.3861747
  1.02250513]","[ 0.97535763  0.1450564  -0.01669462  0.16540081  0.26438793 -0.00728454
  0.52504655]","[ 0.87977735  0.14590428  0.29629406 -0.3419263  -0.12554448 -0.21260213
  0.15827461]","[ 0.9895898   0.0686385  -0.12474518 -0.02096253  0.11369791 -0.09056518
  0.23452918]","[ 0.92543891 -0.00339777  0.37876479 -0.00940844  0.09147989 -0.0846242
  0.39399267]","[ 0.94722568  0.08478827  0.30645773 -0.04071995 -0.20047692  0.19744777
  0.40653139]","[ 0.83207082 -0.00125035  0.51674282  0.20157739  0.03125588  0.08462702
  0.35281277]","[ 0.92966727 -0.29267371 -0.10611639 -0.1969776   0.05408209 -0.51255967
  0.49732011]","[ 0.98834167  0.07608092 -0.03768261 -0.12638218  0.27227311  0.03923987
  0.33035893]","[ 0.81973935 -0.37638587  0.43168418  0.00313848 -0.34710181 -0.27577415
  0.51162215]","[ 0.70355401 -0.15852143 -0.66242881 -0.20265925  0.77010459 -0.2138596
  0.52800797]","[ 0.52295172 -0.18791331 -0.74405794  0.37092839  0.85340411 -0.19195262
  0.96951987]","[ 0.78353095  0.08130889  0.61548768 -0.02535821 -0.24443545 -0.03775663
  0.5867876 ]","[ 0.77084379  0.12748858  0.56414128 -0.267004   -0.00972336 -0.15850669
  0.5133224 ]","[ 0.33943132  0.23353115  0.73791614 -0.53453657 -0.53986174  0.15154165
  0.6305567 ]","[  9.00040685e-01   4.33791168e-01   4.18489963e-02   8.05511813e-04
   3.73334364e-01   2.06821870e-01   2.86944937e-01]","[ 0.99506542  0.06510828  0.03551578 -0.06591167  0.41795352 -0.24585426
  0.47481093]","[-0.49962362  0.18945048  0.69591971  0.47977132  0.59533944 -0.69739718
  1.15761387]","[ 0.56240398 -0.26022444  0.78311375 -0.05213315 -0.35668201 -0.39108062
  0.50176118]","[ 0.8955142   0.1077844  -0.25972001 -0.34493819  0.51518046 -0.53192842
  0.67797903]","[ 0.96711365  0.20364736  0.11539453  0.09951405  0.05970102 -0.04046366
  0.48190033]","[ 0.70320533 -0.55204316 -0.34985217 -0.27991797  0.63913346 -0.71879425
  0.96612769]","[ 0.67754479 -0.12667947 -0.6404475  -0.33869214  0.75363607 -0.57089007
  1.04849426]","[ 0.98081014  0.04691816  0.17179222  0.07935733  0.49272333  0.05162624
  0.38911285]","[ 0.92907451 -0.35598873 -0.09678471 -0.02693148  0.16454648 -0.61461783
  0.20984043]","[ 0.96638466 -0.18219651 -0.04778959 -0.17498938 -0.27000525 -0.32177154
  0.16424529]","[ 0.38728112  0.05670384  0.90289954 -0.1776807  -0.41218252 -0.00967647
  0.93167535]","[ 0.78449013  0.21674813  0.5533956  -0.17705593 -0.02931157  0.03467389
  0.3823065 ]","[ 0.92795477 -0.23178086  0.23742453  0.16972675  0.32623239 -0.06231859
  0.33228394]","[ 0.75713273  0.04072201 -0.61375011  0.2200058   0.84565627 -0.00685835
  0.69144174]","[ 0.78236913 -0.03869969  0.61855047 -0.06161327 -0.60132483  0.08814303
  0.43744839]","[ 0.74660303  0.12175821  0.64027007  0.13346572 -0.2200298   0.05624862
  0.38782955]","[ 0.48533422  0.24660431  0.75109875 -0.3734805  -0.43563117  0.13213358
  0.48659753]","[ 0.87609791  0.05059991  0.38424764  0.28678538 -0.20857052  0.17294979
  0.23697097]","[ 0.38274797  0.15513464  0.86407239 -0.28777793 -0.32215174 -0.03655649
  0.62027371]","[ 0.84647006 -0.4915937  -0.15536988  0.13298222  0.21215852 -0.37942865
  0.4669382 ]","[ 0.93769749 -0.27945661 -0.09504385  0.18328687  0.31722671 -0.38784129
  0.4272049 ]","[ 0.85301217 -0.448311    0.13586863 -0.23005912  0.42585101 -0.65790735
  0.47435794]","[ 0.87313724  0.08828567 -0.42053704 -0.23018599  0.54434008 -0.36258569
  0.24209138]","[ 0.69692192 -0.42406854 -0.57041047 -0.09538141  0.36444284 -0.68324839
  0.38110295]","[ 0.86938939  0.21567009  0.35106174 -0.27277126 -0.31216891 -0.07591657
  0.13312339]","[ 0.89577765  0.2822217  -0.28660783 -0.1891805   0.39496277 -0.08557454
  0.62383215]","[ 0.97891243  0.11367693  0.05797255  0.15952176 -0.02123096  0.31139623
  0.1029197 ]","[ 0.89350936 -0.39710626  0.20930321 -0.01182368 -0.04532993 -0.54129517
  0.33133649]","[ 0.55733663 -0.38152912 -0.73731103  0.0135595   0.65004765 -0.62805468
  0.68796365]","[-0.42078074  0.03553006  0.88096246  0.21350955  0.81917915 -0.38243606
  1.01201228]","[ 0.84940685 -0.22457908  0.47731615  0.01554129  0.06147545 -0.29810882
  0.33854423]","[ 0.99522605  0.07432847 -0.05769386 -0.02591935 -0.0659759  -0.02411213
  0.02082235]","[ 0.93007751 -0.29747002  0.1981503  -0.08487559 -0.38071559 -0.4672003
  0.30628051]","[ 0.92008671  0.33922722  0.00342881 -0.19584072  0.53943086 -0.21931884
  0.6764524 ]","[ 0.79226508 -0.04518964  0.59421635 -0.13107582 -0.30125744 -0.21685474
  0.32446868]","[ 0.81283341 -0.10170996  0.55580611 -0.14155032 -0.58091684 -0.26137405
  0.25618856]","[ 0.84289049 -0.16322262  0.49427935 -0.13631553 -0.07964713 -0.30232918
  0.44287929]","[ 0.9305967  -0.27591045  0.21313104 -0.1115274  -0.12029289 -0.6527713
  0.23635571]","[ 0.95830132  0.19884294 -0.20409709  0.02155082  0.75494691 -0.07868099
  0.66139753]","[ 0.91001095 -0.00744513  0.39091551  0.1378757  -0.02371965 -0.07398951
  0.20967143]","[ 0.72027863  0.33349066  0.59989754 -0.1005267  -0.53412497  0.13491874
  0.66032321]","[ 0.8962627  -0.14960471 -0.32417252 -0.26314214  0.42175205 -0.46845253
  0.27535295]","[-0.33442038  0.21950865  0.78074439  0.48001787  0.63706098 -0.62181216
  1.2067876 ]","[ 0.96792297 -0.18736754 -0.1590126   0.0522831   0.47103106 -0.32819102
  0.47147361]","[ 0.66809991 -0.24201389 -0.69582944 -0.10437038  0.64374926 -0.55945662
  0.54904347]","[ 0.91934268 -0.07535417  0.06901383 -0.37995774 -0.12197742 -0.56788647
  0.29830078]","[ 0.90195868  0.29710012 -0.27935582 -0.14199431  0.59812245 -0.20133875
  0.57081152]","[-0.41099899  0.21911391  0.86763429 -0.1740105   0.76858125  0.23423524
  1.20162699]","[ 0.61204637 -0.32439608 -0.68999046 -0.2099514   0.77694039 -0.38925928
  0.70320281]","[-0.37012709  0.05475764  0.90406222  0.20658906  0.73481996 -0.53986556
  1.0657737 ]","[ 0.8347201  -0.38124358  0.39727301 -0.00835694  0.04158587 -0.54423282
  0.34029367]","[ 0.83972764 -0.0270951   0.53919655 -0.0582273   0.01038607 -0.14401337
  0.39946255]","[ 0.63079164  0.15781301  0.75810244  0.04977606 -0.35288122 -0.08330884
  0.65393821]","[ 0.93678121 -0.09713661  0.12896075 -0.31044253  0.00440291 -0.48388374
  0.49161835]","[ 0.90782173  0.35504243  0.21561743  0.0575648  -0.59232866  0.05183241
  0.35136765]","[ 0.9588629  -0.28191315 -0.03272455  0.00600198  0.4843842  -0.38773171
  0.23866785]","[ 0.96660205  0.11708583  0.03682847 -0.22497789  0.192825   -0.34020009
  0.22737619]","[ 0.97561604  0.19053618 -0.1051226  -0.02861041  0.18253114  0.05333404
  0.10637242]","[ 0.77954745 -0.44255342 -0.4072245   0.17498697  0.40285557 -0.19890038
  0.72420245]","[ 0.64118265  0.17442757  0.73728501  0.12194525 -0.33117911 -0.02628994
  0.62885901]","[ 0.86128537  0.12184299  0.24027933 -0.43082205 -0.30869174 -0.11266131
  0.16389496]","[ 0.34375896  0.15732745  0.92570395 -0.01224965 -0.52019059  0.06334973
  0.8411321 ]","[ 0.85770677  0.2934641   0.28314571 -0.31312366 -0.10014901  0.22013426
  0.30345108]","[ 0.839976    0.16789152  0.49257125 -0.15370857 -0.50412093 -0.00956145
  0.455206  ]","[ 0.84087032 -0.46443247  0.25326557 -0.11443832 -0.15258641 -0.56238802
  0.20438057]","[ 0.93725658  0.03868679  0.21987291 -0.26778599  0.33876282 -0.26815635
  0.41484077]","[ 0.89052368 -0.34333826  0.10581615 -0.27908665 -0.3705229  -0.58749138
  0.24226079]","[ 0.50306917 -0.32093675  0.79920988 -0.07200397 -0.32634909 -0.45645805
  0.52601224]","[ 0.5067242   0.27851983  0.78555653 -0.22035929 -0.43123676  0.1702993
  0.64295114]","[ 0.8030004  -0.24454647 -0.53803421  0.07685426  0.87840004 -0.03343009
  0.72003488]","[ 0.71387225 -0.20815958 -0.66817111  0.02456364  0.64299097 -0.4298146
  0.41704465]","[ 0.94926683  0.07428359  0.29812456  0.06705358 -0.58787366  0.11124708
  0.47594725]","[ 0.80922394 -0.04362023 -0.4573535  -0.36617164  0.5422624  -0.12090267
  0.26468839]","[ 0.89513526 -0.05506443 -0.40291634 -0.18264501  0.84861385 -0.31830238
  0.90382887]","[ 0.97726813 -0.03321574 -0.17270365 -0.11839408  0.5359165  -0.47903577
  0.44951531]","[ 0.6978074  -0.38137443  0.56883359 -0.20987311 -0.54461638 -0.2690348
  0.5410407 ]","[ 0.26235725 -0.17085169  0.91822214 -0.2425829  -0.55683674 -0.31451418
  0.80058259]","[ 0.58948011  0.40528601  0.6778675  -0.16956446 -0.42282185  0.32760272
  0.62644154]","[ 0.89453067  0.03609022  0.38345887  0.2268737   0.05799184  0.11187397
  0.3206555 ]","[ 0.85914308 -0.33898197  0.22759262 -0.30848987 -0.21787325 -0.24513721
  0.38447332]","[ 0.88712327  0.11563044  0.26877501 -0.35693401 -0.121697   -0.13173639
  0.19711954]","[ 0.89670652  0.23343685  0.30633045 -0.21814287  0.13850792  0.18184173
  0.10190428]","[ 0.59024282  0.27333469  0.72644642 -0.22175924 -0.31956206  0.06955961
  0.40255601]","[ 0.97625383  0.08766581 -0.01575221 -0.19747162  0.58321195 -0.33378009
  0.56555532]","[ 0.96470074 -0.19772717  0.17215029  0.02491436  0.10151681 -0.10530732
  0.08710062]","[ 0.95089505 -0.28655704 -0.11674072  0.0074339   0.35330405 -0.2665003
  0.42326209]","[ 0.5987558   0.39928535  0.6665899  -0.19421793 -0.52893163  0.3547821
  0.54349005]","[ 0.54616268  0.00465186  0.7502591  -0.3725533  -0.51264207  0.01154229
  0.57174035]","[ 0.87219325  0.03804833  0.4827999  -0.06881505 -0.38993776 -0.0325199
  0.52162152]","[ 0.74105647  0.18762905  0.62737074  0.14844733 -0.47775342  0.24791152
  0.5540152 ]","[-0.48454085  0.14023074  0.77013842 -0.39043863  0.79415358  0.2171674
  1.14923298]","[ 0.95785208 -0.07915783 -0.26914906  0.06174312  0.83689311 -0.04360933
  0.60186754]","[ 0.75232525 -0.17790314  0.60815107 -0.18030381 -0.38377172 -0.21517937
  0.17557189]","[ 0.90316091 -0.26626327 -0.3178231   0.11132256  0.67206493 -0.39131211
  0.37652798]","[ 0.85981978  0.47740379 -0.06426244 -0.16931006  0.25228758  0.24000093
  0.21718997]","[ 0.99016885  0.01637605  0.06714624 -0.12160942 -0.0187487   0.07893391
  0.15995139]","[ 0.92877043 -0.08006281 -0.34919052  0.09508641  0.09439156 -0.26015553
  0.0533748 ]","[ 0.84238491 -0.08562096 -0.3012403  -0.43853278  0.33969112 -0.0403369
  0.18325629]","[ 0.78276012 -0.37245029 -0.49628872  0.04759075  0.87135947 -0.08415335
  0.75926807]","[ 0.51814882 -0.35070385 -0.71660807 -0.30822311  0.669883   -0.58510298
  0.95657255]","[ 0.89300835 -0.41581835 -0.17141109 -0.01579299  0.33587316 -0.34278904
  0.36228145]","[ 0.66507995  0.01833924  0.74650563 -0.00785371 -0.20191482 -0.04655954
  0.55080091]","[ 0.64374062 -0.08839557 -0.74238133  0.16326113  0.82194751  0.02824998
  0.66315019]","[ 0.95246138  0.29872782  0.05384445 -0.02607254  0.12516543  0.13354158
  0.05651342]","[ 0.91959456 -0.16873951 -0.35475659  0.00453778  0.85622067  0.00903416
  0.74862622]","[ 0.79619699 -0.08111169 -0.50102766 -0.32933649  0.49230022  0.00171798
  0.19801969]","[ 0.4496711   0.01238662  0.87972262  0.15404734 -0.61706874 -0.05321199
  0.73474314]","[ 0.69775016 -0.02206797  0.58591158 -0.41154022 -0.25637904 -0.31768843
  0.37555068]","[ 0.39331248  0.40240507  0.80104789 -0.2042002  -0.27062987  0.1793006
  0.76696361]","[ 0.9134228  -0.02584054  0.40616015 -0.00499767 -0.15292205 -0.18103572
  0.0983079 ]","[ 0.92782951 -0.17974825  0.32380272  0.04443823  0.23418961 -0.32774707
  0.23923083]","[ 0.52118755  0.39093278  0.71321071 -0.2585838  -0.4496109   0.30287207
  0.65189954]","[ 0.81378139 -0.15821696  0.54855565  0.10869189 -0.42581507 -0.20762485
  0.62839264]","[ 0.71491347 -0.00955757  0.66297737 -0.22196484 -0.52522065 -0.2952957
  0.29140946]","[ 0.77060479 -0.11359466 -0.62710512  0.00191856  0.85117165 -0.21807675
  1.14958561]","[ 0.85513163  0.1812881   0.42964135 -0.22647919 -0.29992586 -0.10911995
  0.20114774]","[  9.04856254e-01   2.33946573e-01  -3.23637006e-01   1.47523722e-01
   1.54362785e-01  -7.48810918e-04   5.17483067e-02]","[ 0.88482331 -0.19757803  0.41920663 -0.0481294  -0.56020883 -0.06996941
  0.23635606]","[ 0.88894729 -0.40904875  0.15992744 -0.12990399 -0.13798875 -0.70594612
  0.28001317]","[ 0.93990697  0.06150479  0.26119994  0.21110811 -0.61250935  0.01209961
  0.43746427]","[ 0.94880765  0.03145994  0.15178671 -0.27520011  0.00768435 -0.12393539
  0.00306751]","[ 0.69000831  0.23857749  0.67516637  0.10544994 -0.1190712   0.19130162
  0.48040566]","[ 0.59720459 -0.61369551 -0.50259752 -0.11882859  0.21327457 -0.84029852
  0.52664183]","[ 0.9953241  -0.09599758 -0.00494894 -0.00948221  0.0794769  -0.31452654
  0.03408589]","[ 0.95156691 -0.26388313  0.15687199 -0.01665179 -0.31718471 -0.4047173
  0.21205538]","[ 0.64866514 -0.41947123 -0.58968484 -0.23568881  0.69077971 -0.63110828
  1.0719079 ]","[ 0.87257778  0.01677149  0.37174683 -0.31643487  0.07848545 -0.34617874
  0.26289438]","[ 0.97800154 -0.04480071 -0.2031472  -0.01539799  0.64106832  0.0018455
  0.32121955]","[ 0.64491836 -0.27072616  0.64478155 -0.30829273 -0.31928398 -0.20230334
  0.68137648]","[ 0.83971667 -0.42280934  0.3358411  -0.05761022  0.07370054 -0.40896669
  0.54381258]","[  9.75791038e-01   7.40124564e-04  -1.18227804e-01  -1.83993176e-01
   5.44364674e-01  -4.38745736e-01   4.09907189e-01]","[ 0.8156866  -0.18882837 -0.54443629 -0.05087575  0.49797096 -0.72138521
  0.56760424]","[ 0.36810393  0.12611791  0.9188307   0.06590841 -0.50335688  0.11589157
  0.83057908]","[ 0.89893672  0.09289399  0.27049523 -0.33183701  0.22529549 -0.36325168
  0.43234251]","[ 0.59615955 -0.15578718 -0.68903863 -0.38151004  0.66371199 -0.55726323
  0.78630487]","[  5.81529991e-01  -4.84927821e-04   7.83338988e-01   2.19551053e-01
  -2.44164184e-01  -8.04987152e-03   5.03430127e-01]","[ 0.66909452 -0.19051402 -0.63772377  0.33064381  0.61800544 -0.52354246
  0.49172676]","[ 0.83758505  0.29469491  0.45168005 -0.08712819 -0.37390302  0.23924626
  0.31191348]","[ 0.57992898  0.1367288   0.79330511 -0.1251184  -0.51198179  0.28079221
  0.71653411]","[ 0.79287931 -0.31143819  0.48029795 -0.20895581 -0.33676195 -0.30242949
  0.50523291]","[ 0.90848405 -0.21182589 -0.34952049 -0.08730384  0.68911955 -0.3881522
  0.56274733]","[ 0.86366126 -0.21142488 -0.40004443  0.22215583  0.58352547 -0.2539391
  0.63438038]","[ 0.97902075  0.2028181  -0.01761199 -0.00854464 -0.06273451  0.06234236
  0.08760009]","[ 0.93649452  0.32764599 -0.00107617 -0.12499983  0.30527927  0.12370259
  0.22436773]","[ 0.94416708 -0.29588318 -0.14349442  0.02027372  0.46306954 -0.1784675
  0.28750781]","[ 0.48103857 -0.06983511  0.84354486 -0.22837912 -0.42227892 -0.21895677
  0.54029862]","[ 0.71909825 -0.09508552 -0.62896553 -0.27974775  0.6661646  -0.69213628
  1.01039948]","[ 0.95388434 -0.13849057 -0.26528955  0.02337718  0.76929844 -0.00354586
  0.4891325 ]","[ 0.56824524  0.11786731  0.80257137 -0.13814425 -0.23445885 -0.0525509
  0.47023517]","[ 0.83316975 -0.0098479  -0.54411198 -0.09835311  0.66580228 -0.35811349
  0.57569163]","[ 0.8789832  -0.07750054  0.46804542  0.04812153  0.17819206 -0.14202497
  0.31992036]","[ 0.54962118  0.18615298  0.72206344 -0.37668027 -0.46855758  0.06390937
  0.43377123]","[ 0.7034535  -0.01602241  0.70370573 -0.09846166 -0.54240009 -0.29120033
  0.51945486]","[ 0.6467535   0.48325764  0.54224919 -0.23267526 -0.01522594  0.20067819
  0.38181115]","[ 0.7090398  -0.03596585 -0.59628222 -0.37472193  0.81117044 -0.20238953
  0.56108511]","[ 0.63176503 -0.08690304 -0.74988552  0.17604691  0.77071167 -0.43313842
  0.68740037]","[ 0.97667283  0.03932504  0.11029459  0.17999674  0.16881033  0.12434562
  0.446011  ]","[ 0.29461929 -0.05447019  0.8673421  -0.39742944 -0.64776784 -0.1168751
  0.77890957]","[ 0.969026    0.22620749  0.05588544 -0.08182666  0.03138867  0.04501416
  0.45786308]","[ 0.94545311  0.16829277 -0.26680056 -0.08132296  0.74381509 -0.11853923
  0.60058966]","[ 0.36324341 -0.11877375  0.92237898 -0.05624977 -0.41694066 -0.17354354
  0.8953407 ]","[ 0.93185321 -0.25027308 -0.17597734 -0.19505115  0.24616736 -0.59851763
  0.66441538]","[ 0.93276167 -0.07382038 -0.34064258  0.09202635  0.48861931 -0.3382305
  0.22766803]","[ 0.91778928 -0.18864802 -0.32473914 -0.12891569  0.1380954  -0.70751924
  0.28634508]","[ 0.63396165  0.2205906   0.73112624 -0.12201164 -0.47369227  0.06350482
  0.60057725]","[ 0.96607386 -0.18050013  0.14151919  0.11871532 -0.08753694 -0.18007873
  0.1034699 ]","[ 0.93577222  0.01686302  0.1269808  -0.32851464  0.07586867 -0.06664046
  0.00734565]","[ 0.5925726  -0.38387054 -0.66687537 -0.23828211  0.68505054 -0.5995107
  1.00123703]","[ 0.58843259 -0.27708697 -0.75676635  0.06538034  0.88737365 -0.12723542
  0.99602921]","[ 0.98251146  0.11616927 -0.12115397  0.08060798  0.5124536   0.20685713
  0.51814507]","[ 0.96758712 -0.10291365  0.20206577  0.11114569  0.4518497  -0.10190309
  0.2943202 ]","[ 0.92692379 -0.10098822 -0.34159029 -0.11802428  0.2818795   0.00866324
  0.10763677]","[ 0.54351247 -0.18445212  0.7929858  -0.20431626 -0.45733755 -0.38165341
  0.48986207]","[ 0.57365419 -0.11246713  0.73396138 -0.34579286 -0.28981196 -0.30457336
  0.55201166]","[ 0.9797872   0.0937573   0.08347764 -0.15575008  0.09348046 -0.27412233
  0.23852107]","[ 0.9646193   0.14839123 -0.1872687  -0.11144547  0.21292077  0.12759164
  0.22100301]","[ 0.93187154 -0.02439958 -0.34135659 -0.12039841  0.43167767 -0.10925976
  0.61043396]","[ 0.68046287 -0.20932294  0.69058673 -0.12745261 -0.10288796 -0.28281005
  0.5776179 ]","[ 0.61286621 -0.04813356 -0.76766067 -0.18103942  0.83496714 -0.17788249
  1.15616195]","[ 0.53968482 -0.07147453  0.82006894 -0.17640471 -0.38345301 -0.0948419
  0.59854109]","[ 0.81591708 -0.00476914 -0.52460605 -0.24299189  0.60202939 -0.28615667
  0.699932  ]","[ 0.9421123  -0.096547   -0.27375755  0.16780909  0.77790808 -0.0894061
  0.44707463]","[ 0.75557157  0.13118286 -0.6207099   0.16316212  0.82388723  0.11052664
  1.19524545]","[ 0.92465329  0.19710498  0.26470986 -0.18998579 -0.00677687  0.22697283
  0.3813451 ]","[ 0.92779187 -0.06336795  0.36764396  0.00496597  0.03566105 -0.02801969
  0.37254736]","[ 0.92326729  0.20487404 -0.29568929 -0.13480348  0.52989426 -0.19846598
  0.31716658]","[ 0.76352817 -0.14645881 -0.62280096  0.08771262  0.54380686 -0.47819538
  0.3445925 ]","[ 0.79855969 -0.49733634 -0.33648486 -0.04167632  0.65547815 -0.62064427
  0.59197765]","[ 0.72599832 -0.2661308  -0.61765992  0.14351677  0.89587353 -0.11084432
  0.95202507]","[ 0.99699056  0.02379769 -0.02234717  0.07031428 -0.06071768 -0.45673316
  0.13153653]","[ 0.92597678  0.29226687 -0.23854007 -0.0156752   0.21306166  0.1116667
  0.1952433 ]","[ 0.74562286  0.10792072  0.60031071 -0.26837795 -0.25722718 -0.12884726
  0.18619381]","[ 0.90535341 -0.28222794 -0.28761111 -0.13402405  0.52331509 -0.64406434
  0.59990277]","[ 0.88053652 -0.0247451   0.41495238 -0.22772273 -0.29338763 -0.27376586
  0.47205674]","[ 0.96771536 -0.0309905   0.20173575  0.14788256 -0.02323304  0.00097784
  0.31423898]","[ 0.72137238 -0.26071438  0.61737649 -0.17463153 -0.58985133 -0.41978245
  0.33696699]","[  4.94897962e-01   1.18903838e-01   8.49157177e-01  -1.40960892e-01
  -4.07603968e-01   2.45707916e-04   5.51439129e-01]","[ 0.91236241 -0.12873123  0.08221613 -0.3798205   0.17932182 -0.58726513
  0.27609455]","[ 0.90983927 -0.37512075 -0.13737207  0.11227573  0.08949953 -0.37557756
  0.12435468]","[ 0.8919051  -0.2967134  -0.25045171 -0.23181975  0.69217312 -0.56956646
  0.89709406]","[ 0.96954238 -0.09055632  0.22488659 -0.03483032  0.12165077 -0.31894423
  0.37278497]","[ 0.51698802  0.00235763  0.83005107 -0.20912446 -0.41455413 -0.13780621
  0.76002955]","[ 0.853726    0.12962135  0.50403296 -0.01734931 -0.44520671 -0.18755064
  0.2127619 ]","[ 0.65278235  0.33154934  0.6261226  -0.2681804  -0.56637588  0.2016802
  0.47052879]","[ 0.8222242   0.21760424  0.51340398  0.11407064 -0.53909212 -0.08264503
  0.40306553]","[ 0.5703955   0.24805262  0.75099985 -0.22162602 -0.56594462  0.21795612
  0.58923809]","[ 0.97152072 -0.03903446  0.21799192 -0.08428118 -0.28655406  0.2197089
  0.18331777]","[ 0.82608329  0.00514692 -0.55144534 -0.1160515   0.51759529 -0.42313278
  0.64692214]","[ 0.37203669 -0.06493036  0.91644356  0.13230249 -0.4228004  -0.23287822
  0.9454339 ]","[ 0.9783283   0.0741111   0.17736773 -0.07695436 -0.07810111  0.05324514
  0.42271772]","[ 0.83587208 -0.37566866  0.31268491 -0.24983807 -0.71104657 -0.21872843
  0.47435119]","[ 0.69176999 -0.15518926  0.65583198  0.25933568 -0.47157284 -0.24803811
  0.77077332]","[ 0.69670171 -0.42646079 -0.56888388 -0.09544142  0.78476515 -0.45591353
  1.10553136]","[ 0.97509731  0.01027302  0.03991066 -0.21791474  0.6026929  -0.22586142
  0.43600095]","[ 0.87814823 -0.25049846  0.40532841 -0.04260376  0.26349037 -0.32819496
  0.41881912]","[ 0.56138999  0.10678497  0.81043006 -0.12900143 -0.4461461   0.19857985
  0.75163894]","[ 0.43380215  0.12289607  0.8811534  -0.14241114 -0.31595186  0.0106074
  0.67354073]","[ 0.89263458 -0.04002594 -0.40416606 -0.19557919  0.47807499 -0.33990289
  0.51341038]","[ 0.75725834  0.35610529  0.44071299 -0.3248398  -0.0009069   0.00500215
  0.5137458 ]","[ 0.81871748 -0.21911536  0.37453158 -0.3760535  -0.05456056 -0.52904235
  0.34999733]","[-0.35559607  0.12013705  0.83616322  0.399937    0.70893165 -0.54523356
  1.04046794]","[ 0.88380752 -0.00357108  0.44337649 -0.14929437 -0.30827388  0.06825313
  0.15259819]","[ 0.93905739 -0.01462584  0.32659649  0.10626401  0.21454633 -0.06346148
  0.38461124]","[ 0.93247557 -0.29062759  0.21353816  0.0206488   0.03699332 -0.60175575
  0.29889001]","[ 0.86559188  0.29449552 -0.40228708  0.04677801  0.48555931  0.24916702
  0.2985726 ]","[ 0.93848479 -0.23067751 -0.00931219 -0.2568024   0.51242172 -0.59795401
  0.43867122]","[ 0.96111088  0.06267319  0.07979801 -0.25684669  0.39538735 -0.36029356
  0.46209736]","[ 0.66038953  0.13370829  0.70290328 -0.22789196 -0.49913969  0.01257409
  0.56918239]","[ 0.97337061  0.21519484  0.04926471 -0.06175625  0.48483811  0.04784619
  0.38757845]","[ 0.9092055   0.14712115 -0.31837609 -0.22435996  0.60130035 -0.02191151
  0.2628995 ]","[ 0.8942882  -0.16760093 -0.31449315  0.27065217  0.73352385  0.02294282
  0.80440822]","[ 0.58808516  0.02082381  0.77344081  0.23560883 -0.27935669  0.04020365
  0.45251188]","[-0.34321266 -0.09064295  0.93487112 -0.00221748  0.84263282 -0.04798207
  1.02850984]","[ 0.9687089   0.05173881  0.18991834 -0.15118593  0.28534701 -0.12939571
  0.53987627]","[ 0.63380868  0.12865892  0.56404159 -0.51341068 -0.52788638 -0.09127275
  0.37558544]","[ 0.91246062  0.03698292 -0.15339044 -0.37751723  0.35669891 -0.367267
  0.52768591]","[ 0.76553541 -0.0399354  -0.49631517 -0.40747018  0.70103752 -0.6205194
  0.91569329]","[ 0.87079774 -0.40511924 -0.06505446 -0.2708461  -0.28626626 -0.30001151
  0.15427778]","[ 0.69443297  0.02244732  0.56019736 -0.45104089 -0.45161653 -0.01596298
  0.75471771]","[ 0.9073684   0.13690215  0.39681343 -0.02189716 -0.32909641  0.41408735
  0.24861004]","[ 0.91042339  0.28928697 -0.00333937 -0.29568757  0.20290222 -0.08526806
  0.52186714]","[ 0.9510444  -0.14463164 -0.2727297   0.01465456  0.62145581 -0.39120662
  0.32191715]","[ 0.83245257  0.07544803 -0.54859824 -0.01924257  0.71400477 -0.33860569
  0.61772226]","[ 0.86375236 -0.4590424   0.1883195  -0.08802099 -0.52894466 -0.4970051
  0.45399592]","[ 0.98983425 -0.04896075 -0.11615137 -0.0658777   0.24152759 -0.12505822
  0.54772221]","[ 0.67928321 -0.04175421  0.71620103  0.15455417 -0.33097639 -0.04196098
  0.36298167]","[ 0.89687202 -0.12927436 -0.4140934  -0.08622862  0.72194953 -0.49650917
  0.60941787]","[ 0.82244021  0.15792266  0.41026956 -0.36101443 -0.27104762  0.05934103
  0.19411413]","[ 0.66284636  0.17904502  0.57631095 -0.44321922 -0.26963728 -0.14445104
  0.24613702]","[ 0.98971138  0.03687827  0.11393903  0.07828973  0.1150628  -0.1034961
  0.51142957]","[ 0.95209305 -0.1402699   0.23177587  0.14185599 -0.36659449 -0.30049701
  0.33083677]","[ 0.62583193 -0.21731267 -0.64053665 -0.38835859  0.67296846 -0.50739718
  0.71098942]","[ 0.74595699 -0.21929318  0.51760414 -0.35713391 -0.36765283 -0.27705735
  0.51951976]","[ 0.86515255  0.06395141  0.29494439 -0.40053599 -0.33267352 -0.00591053
  0.09850606]","[ 0.94462327 -0.00820079 -0.23630438 -0.22755189  0.31972666 -0.11214539
  0.43564144]","[ 0.89862908  0.0231763   0.37534247  0.22593507  0.13665618  0.0663901
  0.51173423]","[ 0.91741974  0.26396774  0.15607586 -0.25357913 -0.00794785  0.29814539
  0.21777785]","[ 0.96316194 -0.17402181  0.07427174 -0.19109997  0.29425561 -0.58879119
  0.21346399]","[ 0.88463917 -0.16052154  0.42989971 -0.0826596  -0.06095872 -0.27320691
  0.54546162]","[ 0.98624304  0.09847339 -0.04334797  0.12549349 -0.21737119 -0.24909219
  0.0747434 ]","[ 0.91954152  0.19361339  0.33415881 -0.0727677   0.13852835 -0.03335162
  0.52952806]","[ 0.96041837  0.06564919  0.20170327 -0.18056169 -0.26383793 -0.16036183
  0.23578134]","[ 0.62691451 -0.01032988  0.69400782  0.35387092 -0.31263684  0.01127497
  0.48393578]","[ 0.80205149 -0.07029059 -0.54603962  0.23154561  0.80575553 -0.01514908
  0.80981404]","[ 0.62786511 -0.22030922  0.71992229 -0.19738576 -0.60943233 -0.27534958
  0.71196475]","[ 0.43821185  0.10795867  0.86615343 -0.21469404 -0.3101719  -0.06427698
  0.59199814]","[ 0.93472446  0.0874748  -0.31832642 -0.13155463  0.6303638   0.11765122
  0.49975559]","[ 0.98034877  0.00592614 -0.15107249 -0.12672126 -0.11183064 -0.17458864
  0.12055498]","[ 0.95482955 -0.01073146 -0.10867193 -0.27636169  0.41512898 -0.12445823
  0.389549  ]","[ 0.62652067 -0.37401269  0.68177398  0.05263645 -0.32237389 -0.31815308
  0.71599166]","[ 0.88874555 -0.15007405 -0.38651461  0.19548808  0.41487124 -0.32756051
  0.24172909]","[ 0.88293232  0.37495402  0.21656173 -0.18149658 -0.06104838  0.24862108
  0.10492349]","[ 0.87256873  0.09301175 -0.43582475 -0.20007351  0.14169827 -0.10368878
  0.06076901]","[ 0.80444786  0.02984535 -0.55814195 -0.201123    0.60387206 -0.14061183
  0.29372841]","[ 0.96961335  0.00500823  0.22720181  0.09057708  0.1452539  -0.20162989
  0.31559237]","[ 0.93333619  0.08488188  0.348743   -0.00754577  0.16358245  0.24368264
  0.1462542 ]","[ 0.98891379 -0.12262813  0.08372288  0.00153038  0.29100045 -0.60175994
  0.21798937]","[ 0.93935941  0.03018576  0.25350331 -0.22897335  0.06773651 -0.10481639
  0.45045802]","[ 0.88990843 -0.14231344  0.33245442  0.27799989  0.09266641  0.0872231
  0.21484566]","[-0.33197891  0.04939632  0.93208304 -0.13627622  0.82229949 -0.07350161
  1.17211576]","[ 0.98261974  0.15319625 -0.05067988 -0.09176544 -0.2075826   0.23635921
  0.1398615 ]","[ 0.9478248   0.18148727  0.26107758  0.02300033 -0.32499037  0.18989333
  0.1100667 ]","[ 0.29758871 -0.00463417  0.92931201 -0.21862908 -0.49534503 -0.10794411
  0.74763612]","[ 0.84799725  0.00844473 -0.52610087 -0.06361778  0.79786997 -0.0324305
  0.86505408]","[ 0.89834746  0.24972938  0.31310799 -0.18047289  0.175169   -0.03739299
  0.30419742]","[-0.3737637   0.13470144  0.90552621 -0.14892447  0.84459638 -0.0844941
  1.05556549]","[ 0.91641464 -0.39286841 -0.03932837  0.06551256  0.69446915 -0.25827966
  0.53633732]","[ 0.91398941  0.24867096  0.20400461 -0.24732214 -0.19822989  0.2687918
  0.3977772 ]","[ 0.939746   -0.34061643 -0.014161    0.02563936  0.14839403 -0.37871679
  0.45901021]","[ 0.83857632 -0.00383829  0.43732064 -0.32484717 -0.43705779 -0.12413804
  0.21869569]","[ 0.85727615  0.21455949 -0.46034104 -0.08442723  0.76855919 -0.10033112
  0.6478535 ]","[ 0.7721999  -0.38664783  0.50209815  0.04591538 -0.59192    -0.3746423
  0.5314524 ]","[ 0.49638896 -0.12154443  0.83648362 -0.19778803 -0.6407904  -0.24969034
  0.69531762]","[ 0.86688724 -0.43251696  0.22701449  0.09949882  0.43653592 -0.19615638
  0.55660053]","[ 0.80168919 -0.04403936  0.55831152 -0.20890959 -0.25899763 -0.45151274
  0.25014923]","[ 0.8790503   0.14684871 -0.43645521 -0.12334052  0.71542846 -0.42138962
  0.47078359]","[ 0.96327134 -0.0361421   0.26195161 -0.04672718 -0.15586592 -0.47205447
  0.18466075]","[ 0.88157776  0.14649705 -0.41637102  0.16731538  0.85946726  0.05245928
  0.90092592]","[ 0.82402712 -0.03262617 -0.55215138  0.12265275  0.84355321 -0.25112246
  0.65433323]","[ 0.84962356  0.23230061  0.34860597 -0.32039055 -0.20844439  0.16445146
  0.37239788]","[ 0.92197624 -0.1103016   0.37048186  0.02316376  0.26682747 -0.0778528
  0.24845668]","[ 0.08093527 -0.04556039  0.98307969 -0.15788622 -0.41154637 -0.12998628
  0.90290292]","[ 0.74196597 -0.48592671 -0.43918247 -0.14311003  0.36278369 -0.63856388
  0.33938622]","[  9.97481411e-01  -4.73512295e-04  -5.36030223e-02  -4.64470339e-02
  -6.97765592e-02  -3.21780106e-01   3.96988451e-02]","[ 0.90525842 -0.16014659 -0.37688106  0.11322953  0.57695137 -0.20394437
  0.24923544]","[ 0.41879008 -0.05523373  0.90469809  0.05554693 -0.51380834 -0.08550376
  0.65430488]","[ 0.92565485 -0.33671127  0.06309512 -0.16064751  0.23904025 -0.59956973
  0.29299923]","[ 0.77251626 -0.15650388 -0.56324142 -0.24796021  0.67567164 -0.69114829
  0.83535567]","[ 0.87354254 -0.317644    0.20290321 -0.30798702 -0.24671712 -0.29170224
  0.37287464]","[ 0.51705785 -0.26935002 -0.79584543 -0.16349863  0.80257118 -0.43284202
  0.83216809]","[ 0.65992007 -0.41515377  0.61048018 -0.13952349 -0.41406159 -0.33874703
  0.6537649 ]","[ 0.95040736 -0.10347071  0.23865399 -0.17048151  0.05946666 -0.32955788
  0.56322394]","[ 0.98643144 -0.1071994   0.10517676  0.0663261   0.00929187 -0.52168787
  0.10622811]","[ 0.98999629  0.0010971  -0.03903517 -0.13558168  0.52255974 -0.30761411
  0.42251211]","[ 0.81242354 -0.16932318  0.46175081 -0.3131834   0.08257201 -0.37478607
  0.58848905]","[ 0.95705766  0.11052551  0.14297663 -0.22667694  0.32938623 -0.32750054
  0.38495993]","[ 0.83263274 -0.30652011 -0.41607678 -0.19911868  0.76809548 -0.32287866
  0.91592304]","[ 0.82177464 -0.36957048 -0.42651768 -0.07865605  0.34193386 -0.48439697
  0.22813001]","[ 0.74806017 -0.17386486 -0.63777799  0.05844852  0.71121529 -0.4127161
  0.49240922]","[ 0.96046629  0.10913105  0.25549091 -0.01786942  0.11593727 -0.07895056
  0.4398241 ]","[ 0.95253188 -0.20889456 -0.1985156  -0.09817147  0.25314089 -0.19562266
  0.57105111]","[ 0.90026401 -0.37575504 -0.21741841  0.03258968  0.15554939 -0.55083593
  0.25811178]","[ 0.96106661 -0.17770979 -0.03133601 -0.20925645  0.44056953 -0.28318297
  0.52016375]","[ 0.91851041  0.08000615 -0.29881171 -0.24627058  0.31254862 -0.2094499
  0.62552265]","[ 0.79118018 -0.10118259  0.44766997 -0.40421233  0.0797211  -0.34970057
  0.64404831]","[ 0.96316359  0.07085147  0.16502235 -0.20015893  0.2591957   0.16855623
  0.08512733]","[ 0.8835964  -0.36175248 -0.13700507 -0.26386012 -0.05171878 -0.36147108
  0.09915901]","[ 0.85656634  0.00258478  0.50469209 -0.10757932 -0.0308327  -0.27787389
  0.1579223 ]","[-0.41703194 -0.12641405  0.78727466 -0.4362367   0.77152782  0.2044397
  1.01819451]","[ 0.52378725  0.01365022  0.7969466  -0.30056063 -0.46348159  0.15375575
  0.84000869]","[ 0.84893283 -0.02476383 -0.52498939  0.05555121  0.67070749  0.0487653
  0.36001341]","[ 0.94006988 -0.04318092  0.26750376  0.20699219  0.1710733   0.23408667
  0.16182344]","[ 0.93483991  0.03580658  0.16726288 -0.31115166 -0.32233619  0.00900111
  0.21674099]","[ 0.95420692  0.24657027 -0.09144267 -0.14258503  0.3925979  -0.01921376
  0.15412191]","[ 0.64659488 -0.02233403 -0.72757467 -0.22814763  0.73057044 -0.54210758
  0.85837573]","[ 0.93098974  0.36162279 -0.02694752 -0.04196303  0.26333806 -0.00993545
  0.61965159]","[ 0.8253372  -0.12894802 -0.5487      0.03345485  0.490953   -0.58844481
  0.43110157]","[ 0.9530381  -0.02266878  0.07274662 -0.29310822  0.35059292 -0.36859078
  0.61738513]","[ 0.33609437  0.21609114  0.91348905 -0.07670036 -0.4087556   0.11756882
  0.64699627]","[ 0.79048941 -0.54961613  0.26756441  0.03818237 -0.08044919 -0.74147555
  0.27815588]","[ 0.766435   -0.14882426  0.59013368 -0.20535573 -0.09336782 -0.36667285
  0.4346297 ]","[ 0.63823801 -0.17042342 -0.73066301 -0.17245195  0.75848979 -0.2033107
  0.90250389]","[ 0.71977883 -0.15863758 -0.52141091 -0.42998048  0.72018206 -0.5349152
  0.71166698]","[ 0.93234179  0.00146344  0.07178093 -0.35437854  0.12095282 -0.60000663
  0.18307944]","[ 0.94874639  0.12763086 -0.02420867 -0.28810518 -0.07496986 -0.17896748
  0.08363603]","[ 0.85348717  0.02653732  0.47000225  0.22350236 -0.17934404  0.05196229
  0.56160862]","[ 0.94364009 -0.0465422   0.14858899 -0.2920591   0.25719057 -0.14613362
  0.37810823]","[-0.34236301 -0.04391843  0.89551734 -0.28090467  0.83019671  0.07391115
  0.85314368]","[ 0.78843102  0.08901711  0.57424965  0.20171718 -0.44493812  0.03666364
  0.1666033 ]","[ 0.87610907 -0.04693237  0.38410743 -0.28756169 -0.23009548 -0.1862452
  0.22998286]","[ 0.42334017  0.12832713  0.85960421 -0.25572612 -0.37311726  0.02459459
  0.90902627]","[ 0.8016482  -0.50939726 -0.28917565 -0.11938187  0.15518975 -0.63768573
  0.34045981]","[ 0.9577585   0.19683922 -0.20888352 -0.01790668  0.52562845  0.05852784
  0.23427442]","[ 0.97712655  0.14402448 -0.08547778  0.13105035  0.16573873 -0.04660389
  0.02816949]","[ 0.8672219   0.38362051  0.23692632 -0.21125198  0.05160452  0.23108075
  0.26867259]","[ 0.85800196 -0.19143064 -0.43420766  0.1965977   0.49080122 -0.2781341
  0.23582421]","[ 0.61452558 -0.12114791  0.71948141 -0.30004665 -0.43862148 -0.32795388
  0.41474257]","[ 0.94818563 -0.19374228  0.24608434 -0.05338955 -0.17322648 -0.67118387
  0.26983728]","[ 0.78344702  0.09633955  0.5985531   0.13661491 -0.43724638  0.03684858
  0.45478739]","[ 0.89584644 -0.29913524  0.3273896   0.02816579  0.03187532 -0.31046504
  0.10598563]","[ 0.61722738  0.01966977  0.78651248 -0.00644843 -0.42994193  0.0969083
  0.75151551]","[ 0.99224979 -0.08642386 -0.05447907  0.07073398  0.55296672 -0.02187229
  0.40643506]","[ 0.89641222  0.00477626  0.35950791 -0.25918407  0.11071233 -0.16588101
  0.47772751]","[ 0.95506685 -0.29430285  0.0135829  -0.03238276 -0.1224003  -0.34544245
  0.20170392]","[ 0.97040702 -0.13368957 -0.19272162 -0.05740811  0.15025437 -0.61177975
  0.34578576]","[ 0.97627408  0.10572866 -0.06167349  0.17862461 -0.15273009 -0.32261514
  0.09134581]","[ 0.86875058 -0.21349196  0.35568137 -0.27052611  0.04945347 -0.43369309
  0.1158595 ]","[ 0.88394301 -0.17351526  0.24701291 -0.357102   -0.17123986 -0.5809166
  0.2011172 ]","[ 0.93137583  0.0649112  -0.30807376 -0.18280087  0.27610221  0.20498444
  0.23775044]","[ 0.6437688   0.23964594  0.7133977  -0.138547   -0.57577442  0.12520945
  0.35786755]","[ 0.90059028  0.28323158  0.16897309 -0.28313445  0.47130272 -0.13635175
  0.29000479]","[-0.28089547  0.33028056  0.78030722  0.45070293  0.59205705 -0.72417395
  0.97005489]","[ 0.95487936  0.02283598 -0.29195795 -0.04944173  0.33323552 -0.06527273
  0.44482962]","[ 0.99674063 -0.00159714  0.04304252 -0.06821222  0.22039438 -0.20824684
  0.35786081]","[ 0.68633155  0.14096353  0.66293017 -0.26382169 -0.64016591 -0.06114204
  0.4665789 ]","[ 0.91567434  0.16466073 -0.364634    0.03833263  0.60527684  0.19336124
  0.63497952]","[ 0.65350937  0.24345911  0.61188406 -0.37316359 -0.44075392  0.29751379
  0.68244518]","[ 0.05348017 -0.03443401  0.90372707 -0.42335749 -0.36504974 -0.0581573
  0.9467206 ]","[ 0.78109858 -0.28371096  0.55620289 -0.00560766 -0.04759814 -0.34610803
  0.30633981]","[ 0.90870747 -0.09665397  0.13559665 -0.3827823   0.02818672 -0.34219298
  0.38693365]","[ 0.98598745 -0.06174525 -0.03832971  0.15015693  0.3983961   0.1134193
  0.34557508]","[ 0.97725124 -0.17725747 -0.07782068  0.08662419  0.21763051 -0.00481675
  0.2702471 ]","[ 0.88499268  0.40329111 -0.11009523 -0.20499581  0.25511306  0.06708581
  0.33003798]","[ 0.98275338  0.12933286  0.12949764 -0.02644181  0.24317747  0.1369142
  0.12513887]","[ 0.9308987   0.16177355  0.30458622  0.12035017 -0.02472319  0.01718527
  0.01104364]","[ 0.80898408 -0.22240181 -0.36459131 -0.40392497  0.62593463 -0.60921482
  0.60009475]","[ 0.95497025 -0.28766757 -0.03900928  0.06129817  0.45295774 -0.32904571
  0.42212631]","[ 0.92895237 -0.15849003 -0.14504014 -0.30148262  0.00422586 -0.40416888
  0.26301382]","[ 0.9498188  -0.22311582 -0.19684151  0.0965246   0.53145627 -0.09081097
  0.62534116]","[ 0.95053276 -0.07328525 -0.24584076  0.17515443  0.68540153  0.04443163
  0.65250423]","[ 0.91151669 -0.14644224  0.37439817  0.08670645  0.22126355 -0.15839483
  0.23154251]","[ 0.38718131  0.06983106  0.83345724 -0.38802485 -0.38893541 -0.05331445
  0.81996813]","[ 0.84121943 -0.07258305 -0.53566409  0.01206468  0.75946366  0.07547259
  0.86620617]","[ 0.97124741 -0.12460525 -0.18161783  0.09037125  0.68255604  0.02548494
  0.36694877]","[ 0.59329636 -0.07273929 -0.79137079  0.12822128  0.87491233 -0.23588412
  0.96799638]","[ 0.91615992 -0.32214415 -0.11181987 -0.21064301  0.33119163 -0.59147819
  0.48391753]","[ 0.79294755 -0.18846313 -0.57724538 -0.05003604  0.84793417 -0.33239005
  0.96543491]","[ 0.78392402 -0.37056664 -0.44977411  0.21411855  0.78827616 -0.00760081
  0.84028482]","[ 0.68466831  0.23350348  0.68138943  0.11141759 -0.06272737  0.15080344
  0.46446987]","[ 0.97924458 -0.06266143  0.1584402  -0.10977386 -0.46869162  0.17244419
  0.29160851]","[ 0.76474289 -0.07078319 -0.63317343 -0.09617408  0.86823993 -0.06185723
  1.12320463]","[ 0.05117241  0.30864384  0.94937613 -0.02837825 -0.33525821  0.14116153
  0.95128456]","[ 0.77243692 -0.12455674  0.62237913  0.02170352 -0.27962437 -0.11196219
  0.32627723]","[ 0.67768317 -0.18150496  0.69292046  0.16632109 -0.39848733 -0.24926011
  0.6631617 ]","[ 0.54799768  0.02809072  0.79742822 -0.25103324 -0.61892044 -0.15867237
  0.63638145]","[ 0.97197291 -0.16112947  0.07906279  0.15183887 -0.25773222 -0.2904545
  0.15123898]","[ 0.51873777  0.1941474   0.79793678  0.23772841 -0.37937262  0.01208622
  0.92393525]","[ 0.95134483  0.10874406  0.26763907 -0.10717779 -0.15993372 -0.07818001
  0.39066028]","[ 0.85511288 -0.15718232 -0.42102566  0.25848225  0.8059055  -0.16416556
  0.68838186]","[ 0.94601574  0.13162977 -0.29617396 -0.00296882  0.66793452 -0.14936052
  0.50987017]","[ 0.93140038 -0.1579785   0.10388222 -0.31103795 -0.346098   -0.28847149
  0.21209472]","[ 0.91734474 -0.27531876 -0.25697074 -0.12901259  0.63477726 -0.39772379
  0.65622128]","[ 0.98518616 -0.13421221 -0.07756043  0.07334641  0.13875318 -0.5397985
  0.38629976]","[ 0.82749481 -0.45929876  0.32278498  0.01033655 -0.02213624 -0.46508647
  0.50691796]","[ 0.91503058 -0.04571368  0.13073148 -0.37886486 -0.14257463 -0.45203651
  0.1667366 ]","[ 0.86870974 -0.03115264  0.37443559  0.32275515 -0.26198956  0.02309692
  0.41557943]","[ 0.70723191  0.20864639  0.67201445 -0.06845648 -0.50285048 -0.03157608
  0.6183955 ]","[ 0.73031308 -0.35382639  0.5788896   0.07960226 -0.08815658 -0.37897471
  0.27038248]","[ 0.24783807  0.15259121  0.88896338  0.35360475 -0.50058067  0.08765661
  0.80148212]","[ 0.77308984 -0.27105429  0.52816631 -0.22338758 -0.60310077 -0.3598939
  0.33433142]","[ 0.87797549  0.37645797 -0.02790946 -0.29437987  0.13924359  0.05817163
  0.52348889]","[  9.53468986e-01   8.73780134e-04  -2.97094980e-01  -5.12903788e-02
   4.70562655e-03  -3.75982814e-01   1.00194224e-01]","[ 0.70793063  0.27783504  0.50927766 -0.40283765 -0.32749839  0.12221451
  0.47024943]","[ 0.99769555 -0.04507542  0.04414507  0.0249603  -0.0660291  -0.28981232
  0.02461632]","[ 0.62051946 -0.12515115  0.64375484 -0.42996801 -0.55604421  0.01576629
  0.64707435]","[ 0.7011044   0.25809022  0.66355665 -0.03917437 -0.53477151  0.15526975
  0.26955153]","[ 0.90861801 -0.35219147 -0.20168588  0.09847481  0.74363278 -0.03601238
  0.6837908 ]","[ 0.3589228  -0.00497875  0.93061375  0.07146807 -0.3187947  -0.07743205
  0.66861663]","[ 0.8435452   0.44140887 -0.18113631 -0.24653467  0.60021004 -0.10642115
  0.41751184]","[ 0.87691573 -0.26342788 -0.17693396 -0.36099713  0.45212504 -0.62860705
  0.37189273]","[ 0.71824556 -0.12219542  0.6232765  -0.28410913 -0.15791596 -0.35738689
  0.41510003]","[ 0.86994525  0.05635883  0.48858613  0.03609073 -0.3531295  -0.21490467
  0.29480952]","[ 0.74203045 -0.12302504 -0.44565817 -0.48543223  0.48225063 -0.08409693
  0.19369923]","[ 0.7502254  -0.38116143  0.51195695 -0.17256274 -0.35754211 -0.52505543
  0.41922226]","[ 0.93954692  0.12509379 -0.28347048 -0.14576562  0.82185658 -0.06060081
  0.64515292]","[ 0.86009762 -0.13507039  0.47105562 -0.14175571 -0.17113335 -0.37770092
  0.35835371]","[ 0.85854433  0.00535696  0.50486629 -0.08934738 -0.0594988  -0.16428682
  0.41509913]","[ 0.56051097 -0.02386837  0.82764605  0.0161172  -0.59112544 -0.21379286
  0.47568056]","[ 0.99659692 -0.01033509 -0.06602643 -0.04825228  0.16000349 -0.13279666
  0.51596929]","[ 0.91809605  0.33084861 -0.18594496  0.11429482  0.10723637  0.10224847
  0.0586094 ]","[ 0.33590491  0.12151197  0.88337954 -0.30338642 -0.36673923 -0.04033597
  0.67681258]","[ 0.58891315  0.24518749  0.76150839 -0.11475791 -0.40784807  0.21391349
  0.46971123]","[ 0.75868005 -0.35505017 -0.54545069 -0.02876643  0.66094689 -0.40987532
  0.43325323]","[ 0.60553557  0.23642145  0.75592966  0.07747212 -0.3546034   0.296467
  0.55141975]","[ 0.92336814  0.05763015  0.36216996  0.11359124 -0.0579481   0.05367866
  0.17747718]","[ 0.93490179 -0.2725119  -0.09127737 -0.20824106 -0.11044053 -0.22950392
  0.11029169]","[ 0.91372743 -0.39368438 -0.08413707 -0.05509753  0.22515615 -0.67440831
  0.3420819 ]","[ 0.88601774  0.14744609 -0.42388793 -0.11640981  0.5103736   0.09583522
  0.60559057]","[ 0.97314691  0.21367539 -0.03884184  0.07628387 -0.14355255 -0.1502249
  0.14883261]","[ 0.7562827  -0.24676392 -0.53289595 -0.28838509  0.55575112 -0.67430538
  0.55500852]","[ 0.76799578 -0.33749128 -0.50822709 -0.19490342  0.75573285 -0.58923286
  0.91276097]","[ 0.97851851  0.06457339  0.19395127 -0.02673404 -0.0557958  -0.11968455
  0.15290559]","[ 0.84381485 -0.33726795  0.40683432  0.09334169 -0.18178251 -0.29611099
  0.35238647]","[  9.37456566e-01   2.39429136e-01  -3.26790803e-04  -2.52683138e-01
   4.87087414e-01  -2.00564874e-01   3.81019794e-01]","[ 0.6187787  -0.20476359 -0.73050081  0.20384643  0.89084389 -0.0399366
  0.99645296]","[  9.87847644e-01   6.03998996e-04  -6.09137063e-02  -1.42990164e-01
   3.40634109e-01  -7.75515262e-02   6.36334708e-01]","[ 0.91933949 -0.10902944 -0.36076476 -0.11303216  0.48909057 -0.21912769
  0.39947544]","[ 0.84239734  0.1880665   0.45652633  0.21582731  0.16252682  0.16746323
  0.52484568]","[ 0.84124169 -0.33930555  0.4151146  -0.06974271 -0.47678976 -0.56623813
  0.30356278]","[ 0.98985389 -0.02651396  0.1020209  -0.09527868 -0.29001963  0.22875422
  0.21786862]","[ 0.92639111 -0.35531767 -0.12028696 -0.03286205  0.11117018 -0.54283239
  0.44439402]","[ 0.87894146  0.08662839  0.40515603 -0.23623298  0.07605656 -0.16195856
  0.37551649]","[ 0.55592327 -0.1571575  -0.80729094  0.12054946  0.76486878  0.08757951
  0.85033694]","[ 0.93980273  0.03570649  0.33958784  0.01326538 -0.4602494   0.25176257
  0.30207871]","[ 0.92420723  0.30408845  0.17352505 -0.15251316  0.04722433  0.03054957
  0.45973534]","[ 0.82609924  0.14778519  0.53138179  0.11555509 -0.45610669  0.26014604
  0.21794418]","[ 0.67596468 -0.23859069  0.69408755  0.06624738 -0.47570741 -0.1626112
  0.8200356 ]","[ 0.85898383  0.32465599  0.39256396 -0.05136932 -0.08542066  0.15546031
  0.43184398]","[ 0.65462064  0.05205204  0.6886023   0.30755369 -0.47659089  0.04230566
  0.43609906]","[  9.18392494e-01   2.43583884e-01   2.15333946e-01  -2.25507008e-01
   1.22182764e-01  -4.76090269e-04   4.11848564e-01]","[ 0.78643464 -0.17122743  0.53730118 -0.25201027 -0.69959763 -0.16575758
  0.51463088]","[ 0.86254021 -0.04872711 -0.49360932 -0.09999948  0.19939788 -0.43645552
  0.14878033]","[ 0.90310048  0.35253866  0.22275179  0.10250683 -0.22225759  0.08505024
  0.36276917]","[ 0.9191621  -0.17391416  0.13316348 -0.32735667  0.15032207 -0.27239835
  0.47256288]","[ 0.94448343 -0.02448904 -0.26504464 -0.19262057  0.63985587 -0.26929568
  0.3238835 ]","[ 0.87522962 -0.05407125 -0.41686548 -0.2393169   0.60193172 -0.27886833
  0.35209537]","[  9.17458538e-01  -8.27934622e-04   3.81417648e-01   1.13091659e-01
   1.19797288e-01  -1.15492629e-02   5.55519433e-01]","[ 0.94972769  0.16366133  0.05859886 -0.26038137 -0.15155745  0.10405882
  0.22126551]","[ 0.92863368  0.0091319  -0.35471731 -0.10831308  0.02271628  0.17785151
  0.0904421 ]","[ 0.96698267 -0.07841116 -0.21913824 -0.10380092  0.38090883 -0.33575853
  0.64653651]","[ 0.70926757 -0.35834908 -0.60325881  0.06785475  0.88868297 -0.13258472
  1.04738004]","[ 0.90272165 -0.36458673 -0.09089837 -0.20954148  0.15830105 -0.35980912
  0.56158253]","[ 0.84802815 -0.45653506 -0.02875926 -0.26757597  0.40356659 -0.68596448
  0.65517196]","[ 0.71368031 -0.50746268  0.48227237 -0.0235671  -0.31750994 -0.73260697
  0.35768055]","[ 0.5532481   0.20829807  0.80621694 -0.02329594 -0.22183341  0.06487349
  0.5680837 ]","[ 0.72851197 -0.10296677 -0.66327645  0.13686674  0.82897322 -0.15829395
  0.99097252]","[ 0.75032777 -0.0715327  -0.44229135 -0.48607579  0.52788179 -0.17828037
  0.33424704]","[ 0.91163069 -0.40772698  0.00879751  0.05109591  0.11408453 -0.35451815
  0.24559783]","[ 0.94627471 -0.29905444  0.06296396  0.10567001  0.55662789 -0.14452839
  0.37421238]","[ 0.93169658 -0.21297245  0.28654244 -0.06691528 -0.48786604 -0.44175769
  0.25303367]","[ 0.94373783 -0.32157536  0.0239392  -0.07331511  0.02791542 -0.5837285
  0.15819997]","[ 0.75492636 -0.28289493  0.55893843 -0.19402185 -0.36190319 -0.32112676
  0.47286792]","[ 0.21447992  0.22318995  0.71491357 -0.62696348 -0.37122569  0.21093475
  0.83057504]","[ 0.95547293 -0.15480617  0.02317067 -0.25013925  0.22649284 -0.52760073
  0.49223187]","[ 0.68658527  0.08773181  0.64705098 -0.31973242 -0.26249692 -0.11341576
  0.27109125]","[ 0.97789868 -0.09102424  0.12616363  0.13968353  0.26338152 -0.00608781
  0.37310293]","[ 0.92841816  0.22024382  0.28470701  0.09205596 -0.35908365 -0.05522209
  0.24306589]","[ 0.94021225 -0.32074446 -0.00260759  0.11452998  0.30630455 -0.49302394
  0.27552207]","[ 0.28729381  0.15528905  0.94497413  0.01927352 -0.34018374  0.03756638
  0.81716509]","[ 0.96496573 -0.01070512 -0.07083815 -0.25240541 -0.03004789 -0.47276245
  0.12954042]","[ 0.91811085  0.02799189  0.19039279 -0.34646718 -0.39253935 -0.21933776
  0.34062801]","[ 0.74541201 -0.00483144  0.6274389   0.22507337 -0.55843034 -0.15074742
  0.72909031]","[ 0.88525031 -0.09196186 -0.43952916 -0.12119833  0.80353828 -0.16701811
  0.56409756]","[ 0.86995     0.17592626 -0.45909849 -0.03828226  0.63525613 -0.19934019
  0.50936955]","[-0.44034095 -0.00874996  0.87743474  0.19008305  0.85109778 -0.02454615
  1.05771143]","[ 0.57506018  0.02516974  0.74311102 -0.34125986 -0.62712192 -0.22040127
  0.55546539]","[ 0.94688487  0.26631952 -0.1392028   0.1144794  -0.09696887  0.1661863
  0.07502576]","[ 0.71301449 -0.03468458 -0.59864851  0.36335557  0.79445587 -0.26421234
  0.58213003]","[ 0.98737308 -0.063997   -0.13560076 -0.05110007 -0.14668866 -0.16291021
  0.0524616 ]","[ 0.82847721  0.10530019 -0.53097137 -0.14355067  0.71869475 -0.2218931
  0.49724255]","[ 0.70259285  0.43149554  0.51322187 -0.23828176 -0.27817747  0.21336909
  0.48509788]","[ 0.93816803 -0.1159906  -0.32457042  0.03226422  0.73254686 -0.20987708
  0.55021682]","[ 0.96729328  0.14968473  0.187311   -0.08278151  0.14952336  0.03601162
  0.51675425]","[-0.31437136  0.23451537  0.91790268 -0.06023166  0.81917422 -0.12403332
  1.16678275]","[ 0.74774596 -0.45340878  0.48499548  0.00870865 -0.04427417 -0.38524793
  0.59791262]","[ 0.67584418 -0.29439031 -0.60506916 -0.30076619  0.71709146 -0.45803504
  0.82754077]","[ 0.90232718  0.36646672  0.03459043 -0.22430184  0.31493001  0.11259237
  0.0865776 ]","[ 0.88059036  0.35725484 -0.00237301 -0.31132613  0.24446943 -0.02277844
  0.08332681]","[ 0.65046974 -0.00429411  0.72910543 -0.21278145 -0.61258468 -0.01540219
  0.45789189]","[ 0.9471312   0.11311946 -0.19107978 -0.23159231  0.53610245 -0.37870573
  0.24822605]","[ 0.91962425  0.01413456  0.32894902  0.21420547 -0.11768557  0.24040553
  0.1377669 ]","[ 0.94995746 -0.02382588  0.24122843  0.19703299  0.14099104  0.07746361
  0.08817234]","[ 0.9445954   0.02288274 -0.06717257 -0.32047427 -0.05181743  0.06798847
  0.14307055]","[ 0.9447245   0.26494877 -0.17888241 -0.07279323  0.38461673  0.01983132
  0.43288291]","[ 0.95135767 -0.27083891  0.14570623  0.01829101 -0.32623823 -0.51076668
  0.23697302]","[ 0.9437749  -0.1124886  -0.02859025 -0.3095446  -0.04683989 -0.04161198
  0.09576275]","[ 0.97756089 -0.20607942  0.04313333 -0.00674441  0.02506503 -0.35660212
  0.03707441]","[ 0.95242199 -0.19255313 -0.15543526  0.17792002  0.64722464 -0.10725235
  0.50137525]","[ 0.81527184  0.01907405  0.5707341  -0.09607595 -0.16380459 -0.11926248
  0.4963786 ]","[ 0.96050695 -0.04901379 -0.16567835 -0.21811633  0.12169306 -0.03430686
  0.11062535]","[ 0.87880998 -0.41045689  0.2432944  -0.00509855  0.24706921 -0.33615533
  0.60058834]","[ 0.95115725 -0.00295202 -0.30584549 -0.04182939  0.41098597 -0.02245731
  0.17210777]","[ 0.95051995 -0.25937512  0.12216606 -0.11963207 -0.53820561 -0.15970924
  0.29342468]","[ 0.58842804 -0.13963593  0.79539323  0.04004825 -0.38851931 -0.23384249
  0.47397994]","[ 0.61327996 -0.17779805  0.76182246 -0.1090967  -0.35286402 -0.08769154
  0.72644407]","[ 0.82161188  0.25253074  0.38155055 -0.34000194 -0.29900064  0.12137658
  0.31172245]","[ 0.91602031 -0.06139323 -0.31317468 -0.24302116  0.70725926 -0.3227873
  0.41195677]","[ 0.83914836 -0.47096536 -0.15645089 -0.22258655  0.46580451 -0.53538577
  0.67478515]","[ 0.83657033 -0.24074586  0.47619637 -0.12421164 -0.19247633 -0.53856128
  0.20530174]","[ 0.89304691 -0.34102243  0.2214132   0.19273588 -0.18561683 -0.37011194
  0.08477475]","[ 0.709665   -0.10044715 -0.69590222  0.044789    0.74246743 -0.27186473
  0.8463171 ]","[ 0.7303717  -0.06326107 -0.63701979  0.23824571  0.7401065  -0.28231359
  0.64817538]","[ 0.63728789 -0.07115811  0.75386575 -0.14313314 -0.53009895 -0.27503154
  0.80450509]","[ 0.64503887  0.33213511  0.67711107 -0.12301108 -0.39538889  0.3282406
  0.71799785]","[ 0.86963659 -0.11428342  0.47194268 -0.08911568 -0.23117785 -0.21289562
  0.1903844 ]","[ 0.98858919  0.12285575 -0.08666226 -0.00935557  0.09661068  0.23496083
  0.19328596]","[  9.84554718e-01   3.11390949e-02  -7.16221475e-02   1.56692794e-01
   2.78341302e-04  -3.87322916e-01   2.10110943e-01]","[ 0.5674102   0.23056632  0.79046364  0.00721611 -0.30884551  0.0497235
  0.62531484]","[ 0.7908622  -0.06771255  0.45017348 -0.40901813 -0.67165927 -0.27346705
  0.46207952]","[ 0.98148808 -0.01468213 -0.18574733  0.04431163 -0.00347266 -0.30685941
  0.12416918]","[ 0.2231909   0.06524647  0.97017895  0.0684217  -0.42725268 -0.029394
  0.85484344]","[ 0.95014131 -0.14571945 -0.24425365  0.12781819  0.76034622 -0.10297779
  0.6330468 ]","[ 0.3704707   0.04385339  0.90315499  0.21246038 -0.49006163 -0.01005017
  0.8637286 ]","[ 0.90605123 -0.01720882  0.40859069  0.10875968 -0.39690424  0.07949089
  0.4380264 ]","[ 0.75914326 -0.12092544 -0.52607599 -0.36376175  0.5971187  -0.53815015
  0.50906842]","[-0.43133269 -0.09014772  0.85231297 -0.28175894  0.80721263  0.14780744
  0.88724187]","[ 0.79190107 -0.06199978 -0.58782427  0.15333414  0.78244203 -0.1229072
  0.64435691]","[ 0.61160345 -0.3532132  -0.68467804  0.17999342  0.86938003  0.08496691
  0.86787855]","[ 0.89924863  0.13835917 -0.40664047  0.08277786  0.40992334 -0.10727151
  0.20921656]","[ 0.8213251  -0.3404773  -0.39653435  0.22860621  0.44429565 -0.51666066
  0.3206729 ]","[ 0.85450311 -0.3293263   0.37538931  0.14300871  0.13377152 -0.21925799
  0.27234962]","[ 0.82846204  0.03644797  0.55667042  0.04939876 -0.21338752  0.09770895
  0.45991032]","[ 0.88880776  0.06032413 -0.40030516 -0.21479653  0.54235735 -0.11001858
  0.42427341]","[ 0.85354894 -0.47778342 -0.16714655 -0.12344735 -0.1211     -0.62648017
  0.27106362]","[ 0.70388218  0.1713316   0.65489819 -0.21518299 -0.29590163  0.05908246
  0.63773417]","[ 0.9292678  -0.29245358  0.01124234 -0.22540157  0.30047003 -0.37120077
  0.22939671]","[ 0.89495128  0.41574087 -0.04067475 -0.15673961  0.4799017   0.07942552
  0.34858039]","[ 0.82864125  0.02769006  0.47729945 -0.29115662 -0.24218616  0.02341887
  0.15466629]","[ 0.95500163  0.03097814 -0.05008775 -0.29069478  0.16069543  0.04327508
  0.23668576]","[ 0.77412369  0.16754559 -0.55543504 -0.25328424  0.66662484 -0.53646485
  0.81585271]","[ 0.69701931  0.01375086  0.50333923 -0.51051407 -0.36524655 -0.08450961
  0.60545695]","[ 0.72776717  0.06302454  0.43580137 -0.52579466 -0.14393288 -0.40938152
  0.37266629]","[ 0.7593898  -0.2774695   0.52752551 -0.26087286 -0.01901243 -0.53655775
  0.42628279]","[ 0.50194768 -0.19513755 -0.75724111  0.36953452  0.80152704 -0.34150816
  0.9401173 ]","[ 0.63640371 -0.09545169  0.68568922 -0.34016113 -0.35760132  0.05251426
  0.73986541]","[ 0.87988814 -0.14321269  0.44747212  0.07110343 -0.15256892 -0.28481865
  0.30625855]","[ 0.74415604  0.06918257  0.55076382 -0.37162449  0.01782728 -0.25093474
  0.57779607]","[ 0.94016822 -0.3145189  -0.03565083 -0.12605791 -0.20625967 -0.48160059
  0.18246997]","[ 0.98214093 -0.09468575 -0.1623791   0.00817456  0.18098623 -0.50167113
  0.14285553]","[ 0.47160013  0.3054906   0.82024755 -0.10706436 -0.35285525  0.22554781
  0.61519671]","[ 0.90071387 -0.09336259  0.39689039 -0.14991986  0.00377494 -0.20299973
  0.12888819]","[ 0.37403236 -0.19192243  0.87794294  0.22908902 -0.36256544 -0.22493836
  0.72356817]","[ 0.84338538 -0.3324573   0.41988843  0.04320813  0.02436492 -0.31765467
  0.42058486]","[ 0.80509447  0.02225628 -0.58358135  0.10373214  0.65999659 -0.28404873
  0.70305147]","[ 0.81169276 -0.27052988  0.50682173 -0.10535741 -0.37962402 -0.32253663
  0.4374724 ]","[ 0.939879    0.02504087  0.1359711  -0.31226955 -0.4439999  -0.02835605
  0.27430484]","[ 0.65025607 -0.41487409 -0.63448083  0.04980569  0.8733095  -0.20733437
  0.81404677]","[ 0.82846378 -0.15792596  0.52053287 -0.13323921 -0.08036346 -0.20151743
  0.47040209]","[ 0.63592462 -0.0607634  -0.75790097 -0.13226412  0.84948437  0.04105217
  1.13558685]","[ 0.77510926 -0.24053922 -0.54436113 -0.21217321  0.77104701 -0.53621227
  0.97053137]","[ 0.67096495  0.24632941  0.68926026  0.11852493 -0.27324322  0.0985559
  0.59411225]","[ 0.96049256  0.16526154 -0.06549393 -0.21413363  0.35211183 -0.03259789
  0.19463163]","[ 0.665718   -0.11359354  0.71198576 -0.19233391 -0.48505217 -0.17425643
  0.70130219]","[ 0.76173948 -0.43434372 -0.445653   -0.18025508  0.52622039 -0.76445183
  0.61221903]","[ 0.50524821  0.0588037  -0.8011412   0.31533974  0.82235908  0.19361211
  0.87048188]","[ 0.77701195 -0.33438063 -0.4793041  -0.23390085  0.72375986 -0.62702727
  0.90380439]","[ 0.80186541 -0.52874303 -0.25612218  0.10883063  0.66299381 -0.21479491
  0.67404096]","[ 0.95422202 -0.22405308 -0.19793567 -0.00905645  0.01376843 -0.644131
  0.21088036]","[ 0.85763717  0.13249792  0.45050991 -0.20962728 -0.16483863  0.0938391
  0.10982316]","[ 0.83866287 -0.21118743  0.49886928  0.05633735 -0.57202587 -0.13018938
  0.62090983]","[ 0.82748787  0.00288269  0.51682341 -0.21942898 -0.59213441  0.11453057
  0.30380374]","[ 0.88520653  0.25637084 -0.36637011  0.12828221  0.40906739  0.08281512
  0.26644316]","[ 0.7331234  -0.4970466   0.46306065 -0.03239751 -0.31008499 -0.65358132
  0.3545406 ]","[ 0.69913506 -0.13576409 -0.69548706  0.09526814  0.73901337 -0.25150763
  0.85611163]","[ 0.95684094 -0.28028753 -0.02860932  0.07124476 -0.02465751 -0.45770013
  0.13411849]","[ 0.81530148 -0.02735008  0.53772795  0.21303551 -0.1568021  -0.00303233
  0.22546176]","[ 0.91698872  0.11948132  0.1519765  -0.34893988  0.1457465  -0.24274227
  0.07360863]","[ 0.71654965 -0.07440255  0.67660168 -0.15241731 -0.39498783 -0.23641462
  0.63296266]","[ 0.96808652  0.09733397  0.22433574  0.05484573  0.27991829  0.08485877
  0.42519098]","[ 0.91890781  0.10020988 -0.36547546  0.10951758  0.82989427 -0.03142514
  0.89384884]","[  8.56772621e-01   3.87402459e-04  -3.27147673e-01  -3.98641349e-01
   3.47705727e-01  -3.00480434e-01   5.93236370e-01]","[ 0.92031344 -0.3745511   0.0844677   0.07483218 -0.02261746 -0.47223987
  0.24991622]","[ 0.94362722 -0.29385186 -0.14949662  0.0294874   0.55264549 -0.57232578
  0.46597918]","[ 0.58807337 -0.03595541  0.74838663  0.30462168 -0.45998274 -0.12557802
  0.88022698]","[ 0.58080769 -0.14538543 -0.67014604 -0.4386682   0.70278711 -0.57305844
  0.73398031]","[ 0.94131481  0.00542345  0.18353811 -0.28321506 -0.12352702 -0.11269503
  0.35885002]","[ 0.93991084  0.25795128  0.21902045  0.04537391 -0.21672618 -0.02422482
  0.30163502]","[ 0.92583608  0.36229552 -0.0059416   0.10739743  0.56624139  0.23613861
  0.53961875]","[ 0.90940418 -0.30066062 -0.04706453 -0.28349983  0.33705195 -0.55321157
  0.69067111]","[ 0.68164624 -0.30535476 -0.62968479  0.21357418  0.87181084 -0.27622607
  1.02955279]","[ 0.91153571  0.23108275 -0.2557941  -0.22421592  0.43276991 -0.21966827
  0.58887851]","[ 0.76565071  0.2019936   0.53540424 -0.29380245 -0.30261928  0.1498038
  0.41661819]","[ 0.87648606 -0.20087383  0.421482    0.11736614 -0.32799355 -0.13525026
  0.07344122]","[ 0.54595377 -0.26515734  0.78426874 -0.1286414  -0.57667592 -0.41237783
  0.46663639]","[ 0.78405934 -0.08927039 -0.59609252 -0.14817373  0.49212425 -0.47742354
  0.38591403]","[ 0.92641859 -0.01589189 -0.21525976 -0.30847898  0.48613695  0.05249905
  0.20404972]","[ 0.87968519 -0.33109646  0.34013085 -0.02898446  0.02784273 -0.34958202
  0.59222094]","[ 0.83287811  0.16585511  0.26603477 -0.45610485  0.0601134  -0.27711961
  0.54377943]","[ 0.76667094 -0.41091457  0.49133327 -0.04423245  0.09116784 -0.54832446
  0.38636672]","[ 0.76149032  0.19448198  0.59783568  0.15780287 -0.18013954  0.11245897
  0.37683323]","[ 0.8436561  -0.20339973  0.45954815 -0.18891382 -0.54485842 -0.090464
  0.40443334]","[ 0.86870578 -0.29112209  0.35975826 -0.17655648  0.18030082 -0.40973205
  0.44469662]","[  9.66565831e-01   2.54277980e-01   3.30635973e-02  -3.75498484e-05
  -2.20412801e-01   8.76957750e-02   1.96864372e-01]","[ 0.78914675  0.05359583  0.61167529  0.0151072  -0.3769376   0.03813046
  0.72147038]","[ 0.86128813 -0.42687959 -0.22720096 -0.15600095 -0.04900653 -0.75850533
  0.33410818]","[ 0.83307512 -0.14222081 -0.52937942 -0.07427322  0.80027951 -0.22328307
  0.85589981]","[ 0.98457385  0.05837402  0.16211286 -0.03043387  0.15091603  0.07632247
  0.31340056]","[ 0.80849744 -0.48212989 -0.33536295  0.03760784  0.48547097 -0.63693734
  0.38308663]","[ 0.84122594 -0.25410488 -0.46132346  0.12227141  0.488037   -0.56163539
  0.35923422]","[ 0.74736215 -0.38793344 -0.53777919 -0.04184501  0.49501548 -0.67351274
  0.64917239]","[ 0.73193237 -0.1459664  -0.47241497 -0.46882078  0.48643921 -0.38621792
  0.52612401]","[ 0.78641796  0.0785697   0.59503207 -0.14598092 -0.22376797 -0.06042316
  0.33806418]","[ 0.78105381  0.17677694  0.52297232 -0.29189864 -0.53756957  0.22783297
  0.61318634]","[ 0.69287896 -0.12259912  0.62286181 -0.34195229 -0.25069062 -0.42365811
  0.40209314]","[ 0.86668049  0.28756712  0.40360689  0.0571975  -0.55809547 -0.01202295
  0.21586008]","[ 0.89929879 -0.4094773  -0.10945724  0.10774574 -0.28081101 -0.55166783
  0.23236418]","[ 0.34691171  0.17177184  0.91209534 -0.13501403 -0.2876367   0.16509279
  0.96330766]","[ 0.95157154 -0.27871761 -0.02875919 -0.12649506  0.29526855 -0.30531501
  0.64153868]","[ 0.86968918 -0.38238017  0.00784083 -0.31203311  0.252246   -0.61353546
  0.61623791]","[ 0.65481241 -0.07871191 -0.63024279 -0.40965739  0.75379238 -0.32806478
  0.65325734]","[ 0.91074226  0.06113707  0.40589463 -0.04539112  0.14378351 -0.188077
  0.24901081]","[ 0.96638225 -0.12549095  0.1819452  -0.13135187  0.33425923 -0.34320486
  0.29331711]","[ 0.84634553 -0.22166359  0.37294796 -0.30898919 -0.09648237 -0.63422941
  0.33450752]","[ 0.86203095 -0.24637296  0.31182392 -0.31459314 -0.23821949 -0.4089623
  0.50491469]","[ 0.88246086 -0.24015829  0.36472924 -0.1748125   0.11282577 -0.32339427
  0.62420199]","[ 0.91044372  0.07377327  0.40455258  0.04457529 -0.00138682  0.1581951
  0.18674346]","[ 0.88581292  0.19796539  0.41963347 -0.00727559 -0.05362904  0.1236468
  0.22978169]","[  9.03636520e-01  -3.54963544e-01   4.10107176e-04  -2.39670092e-01
   4.94821724e-01  -5.50519387e-01   3.30975937e-01]","[ 0.71138283  0.11331574  0.60209162 -0.34435401 -0.5642525  -0.07537483
  0.37379951]","[ 0.95296322 -0.21293274 -0.02845898 -0.21380093  0.28328332 -0.27695075
  0.53793099]","[ 0.94022969  0.10319337 -0.31306641 -0.08549086  0.29432218 -0.25847037
  0.3316173 ]","[ 0.48502219  0.06512055  0.86160158 -0.13474235 -0.41091807  0.09377745
  0.7397782 ]","[ 0.88259005 -0.43926941  0.1675526  -0.00182385  0.26625952 -0.30329313
  0.64844475]","[ 0.96303028 -0.08182577 -0.0047386  -0.25662185  0.09439696 -0.26127024
  0.12676997]","[ 0.85483163 -0.23941997 -0.27997233 -0.36545377  0.2477178  -0.18368405
  0.123748  ]","[ 0.79292005  0.18218363  0.56945696 -0.1174976  -0.22955741 -0.07597573
  0.34281891]","[-0.29235771  0.26423565  0.75126828  0.52943598  0.62950537 -0.68633086
  0.87307163]","[ 0.83195331  0.05096518 -0.55148614  0.0334556   0.75975424 -0.24856692
  0.78688989]","[ 0.8396071  -0.15481329 -0.51888047 -0.04307921  0.54654035 -0.26356715
  0.43308331]","[ 0.98216641  0.1501862  -0.11187828  0.01662813  0.20328258 -0.08678525
  0.08622182]","[ 0.94671044 -0.21395425 -0.18350708  0.15584632  0.72406398  0.08363269
  0.69890427]","[ 0.71211351 -0.33920753 -0.61394014 -0.0301679   0.81331046 -0.44962386
  0.76544322]","[ 0.84599752 -0.44486351 -0.01472236 -0.29354369 -0.22221588 -0.45797143
  0.30665391]","[ 0.93001188  0.1089258  -0.30123971  0.18018797  0.66862022  0.08076751
  0.69865978]","[ 0.97580936  0.06107605 -0.07214148 -0.19713298  0.41298904 -0.37947437
  0.52422914]","[ 0.8122191  -0.26575508  0.48168182  0.19405409 -0.49005701 -0.31858685
  0.63036604]","[-0.49155349 -0.04968541  0.78557259 -0.37253486  0.73417976  0.31060109
  1.20442847]","[ 0.96472941 -0.19437596 -0.10877915  0.1402934  -0.02446663 -0.24614773
  0.09538893]","[ 0.81492922  0.18499869 -0.4618592  -0.29724051  0.49512095 -0.13340699
  0.53331897]","[ 0.84992278 -0.03934928  0.45662141  0.25996114 -0.62561916 -0.02653449
  0.41730919]","[ 0.89543605 -0.08186129  0.42587531 -0.10061432 -0.20710435 -0.39310444
  0.33495397]","[-0.41523724  0.23611751  0.77884449 -0.40648224  0.84050138 -0.16315989
  1.13143644]","[ 0.93021887  0.18961627 -0.14470398 -0.27892521  0.25150886 -0.06467684
  0.52557355]","[ 0.88061487  0.39006846  0.22254568 -0.15112074  0.28125468 -0.02647991
  0.56423943]","[ 0.8139405  -0.38491136  0.41944611 -0.11579752 -0.18338958 -0.38607513
  0.42262603]","[ 0.92889065 -0.33952841  0.14449954  0.03166233 -0.07644533 -0.46440207
  0.20898124]","[ 0.38483166 -0.06698061  0.88239929  0.26227789 -0.37603821 -0.18085389
  0.87153872]","[ 0.99826323 -0.02499215  0.05251754 -0.0093719   0.01752192  0.09642315
  0.12360373]","[ 0.96438133  0.10448158  0.07572991 -0.23090524  0.34099988 -0.31142497
  0.17988402]","[ 0.71096365  0.46774267 -0.51928446  0.07804571  0.68747005  0.22393409
  0.6876596 ]","[ 0.82361301 -0.46886001  0.31691409  0.0373813   0.00901541 -0.37176683
  0.51677555]","[ 0.89929799 -0.29963429  0.16219247 -0.27418246 -0.10587854 -0.57948623
  0.38370033]","[ 0.91965042 -0.28258544 -0.21643493 -0.16596536  0.27647433 -0.50465414
  0.24261698]","[ 0.69877533 -0.28183278 -0.60179862 -0.26480512  0.48297355 -0.52006044
  0.31906892]","[ 0.9876648   0.103988   -0.10854997 -0.04383659  0.0107046   0.1924775
  0.05851088]","[ 0.98361966  0.02378608 -0.0927259   0.15273668  0.18776889 -0.40772021
  0.08736011]","[ 0.94154966  0.03594058 -0.30772497 -0.13227943  0.53063038  0.17584574
  0.37302664]","[ 0.88130185  0.24000473 -0.23641924 -0.33137701  0.11980114  0.04532348
  0.16459715]","[ 0.54647941  0.48497888  0.67640703 -0.09289387 -0.26106197  0.22802777
  0.79596294]","[ 0.56104866 -0.28225927 -0.66557865 -0.40318627  0.65578155 -0.52559721
  0.75750808]","[ 0.96389709 -0.01700012 -0.12166851 -0.23624174  0.62507449 -0.40394205
  0.39172701]","[ 0.8758852  -0.05051467 -0.47939216  0.02136706  0.44862786 -0.45867202
  0.24820539]","[ 0.61468033 -0.09766496 -0.73117488  0.27930796  0.79874961 -0.29043662
  0.63349551]","[ 0.91406659 -0.07745214  0.33732278 -0.21141614 -0.13318385 -0.04036198
  0.4941179 ]","[ 0.42586871 -0.05061581  0.88804478  0.16568144 -0.62531811 -0.25362263
  0.77829695]","[ 0.8933508  -0.06312167  0.40514612 -0.18383857 -0.1714392  -0.09266321
  0.18609178]","[ 0.92796863 -0.33397684 -0.16143604 -0.03566637  0.49285889 -0.40234966
  0.62454825]","[ 0.9700781   0.21797621 -0.0093455  -0.10652469  0.17558876  0.23577355
  0.09685102]","[ 0.67652971 -0.28316517 -0.67504992 -0.0802038   0.72555041 -0.5421073
  1.00625678]","[-0.36196388  0.15863955  0.91556446  0.07454768  0.78031865 -0.44160065
  1.06510148]","[ 0.41481707  0.11729907  0.78800588 -0.43956168 -0.42184725 -0.01764306
  0.68068881]","[ 0.84412676  0.00522293 -0.31113354 -0.43659896  0.39361409 -0.03129723
  0.2111825 ]","[ 0.67197692 -0.06264925  0.73478258  0.06794591 -0.52855672 -0.06593104
  0.32585938]","[ 0.94792588 -0.28213866 -0.07536893  0.12709773  0.70923592 -0.09512904
  0.58673037]","[ 0.94969532  0.18826059  0.21395428 -0.1298473  -0.33230736  0.20551028
  0.22764264]","[ 0.98829856  0.00452852 -0.11563796  0.09936452  0.23161904  0.04158328
  0.57129134]","[-0.38018109  0.0317802   0.92233404 -0.06125579  0.82919398  0.07456357
  0.83561107]","[ 0.73811379  0.16975382  0.64965194  0.06575733 -0.4992312   0.01136929
  0.80482148]","[ 0.9222795  -0.07589088  0.36132519 -0.11439059  0.14936449 -0.23127828
  0.10557   ]","[ 0.87694759  0.06963198  0.47541032  0.00996643 -0.06099015 -0.12920873
  0.49624757]","[ 0.81388463  0.12214718  0.55003394  0.14189622 -0.46465944  0.21306432
  0.57229689]","[ 0.95148497  0.15534515 -0.26292511 -0.03761156  0.15260039  0.30363223
  0.19503789]","[ 0.95855864  0.04637686 -0.28078889  0.01311984  0.49477984 -0.39214478
  0.30111407]","[ 0.69271501  0.22178482  0.67838369  0.10369654 -0.22980988  0.11895002
  0.44380056]","[ 0.42215183 -0.07831723  0.85722562 -0.28428592 -0.57397411 -0.2094726
  0.6546727 ]","[ 0.4818591   0.10393275  0.83339329 -0.24993083 -0.43355484  0.00662878
  0.57193926]","[ 0.44671239  0.27703141  0.82380918 -0.21222645 -0.36539178  0.14259987
  0.58034188]","[ 0.65127469  0.13152651  0.74671054  0.03107127 -0.56915468  0.13623082
  0.46168142]","[ 0.91979391 -0.24543723 -0.03661178 -0.30397254  0.37093076 -0.33934274
  0.18800956]","[ 0.92454778 -0.324809   -0.19217874 -0.05270525  0.28617102 -0.58008719
  0.5301356 ]","[ 0.92657866  0.16566021 -0.30735536  0.13979041  0.11961311 -0.01716612
  0.06172183]"
