-0.0501122494829 -0.423467053958 0.037026051541 0.903766279616 0.0935748436847 -0.492860512577 -0.115028286985 
0.53022738151 -0.803897652239 0.0505052986756 -0.26468226882 -0.0484114199857 -0.590132947726 0.452927611678 
0.303763707253 -0.341249801136 0.889526801291 0.00427237229489 0.149281077341 -0.892026095195 -0.0714184205312 
0.862977820216 -0.0457012946134 0.483242937569 -0.140203198165 0.0861355268554 -0.791611409446 0.259885835882 
0.76082015145 0.088536887638 -0.583674173335 -0.269515075752 -0.369599960839 -0.667798878473 0.455022764225 
-0.448517970894 0.327560909613 -0.501700797707 0.663198152786 0.394590965064 -0.407219463961 0.455543053044 
-0.434139647788 0.868548878924 0.238891142438 -0.00875403918842 0.236465868929 0.0671672288317 0.346335437692 
0.694919224958 0.00539421505133 -0.409373635246 -0.591161060959 0.0729342404678 -0.900407710873 0.0996860792178 
0.243819091093 0.0187129866621 0.946944090019 0.208564055693 -0.267572254948 -0.826590150014 0.0915469991356 
0.293013612781 -0.234210098751 0.892489789774 0.250500753525 -0.0330123933845 -0.823011254177 0.24288997379 
-0.35052805493 -0.0642322786827 0.900511539662 -0.249165134033 0.142474452293 -0.573474718051 0.515296001424 
-0.454414220624 0.175176610377 0.754884991002 0.439282963056 -0.425626245523 -0.2311012323 -0.302013069085 
0.690692575595 -0.662597935373 0.256901886871 0.13382511939 0.411344260412 -0.430601021032 0.23533628035 
0.661217988706 -0.0713264364728 0.264180437281 -0.698506984525 -0.312041828485 -0.191889680993 -0.073823426951 
0.287257563645 0.604039250011 -0.183067608124 0.720490060605 0.0697458854003 -0.415795420141 0.678286864228 
-0.454822463306 0.171624954467 0.871887155459 0.0591116741645 -0.404154378548 -0.727993659978 0.138313563276 
-0.109095197868 0.818765923919 -0.562619013705 0.0343576054034 0.0726671813644 -0.570265517745 0.0237498206471 
0.946668429356 0.286129081102 -0.0833377622213 -0.122490208577 -0.03517425877 -0.933139300225 -0.0730304811165 
0.594419418733 -0.685583985599 0.240552070809 0.344637279692 0.348996701543 -0.063638107638 -0.0166916586672 
0.934058664915 0.2486862372 -0.226866057907 0.119253334103 0.028337702183 -0.937411395235 0.198924217558 
-0.404390916667 0.508847149396 -0.237660369951 0.721844937381 -0.469787440738 -0.486549421685 0.0989613077711 
0.902470666619 -0.137893837691 0.296934471596 0.279931964942 0.409243441525 -0.489841054617 -0.237500769391 
0.599815842989 -0.234740879598 0.614898652628 -0.454991561394 -0.520770776327 -0.642608379276 0.197417964122 
0.87122880199 -0.316066102825 -0.375241797034 0.016005842265 -0.061077465461 -0.792650257045 0.527870994768 
-0.260540248868 -0.00658908399535 -0.44356538592 0.857510997659 -0.0884045399253 -0.482944060217 0.428557269128 
0.521252041749 -0.621409880772 -0.150520802912 -0.565234072701 0.0198750693926 -0.393667401806 0.669660668782 
0.788228397263 0.435885932954 -0.189321626013 0.390969012997 0.376115733734 -0.460020484414 0.00789603562629 
-0.00645550666774 -0.494335856186 0.852372071784 0.170447173533 0.175570342619 -0.85078694649 0.0580478456969 
0.580864394758 0.235751949866 -0.312612800373 -0.713646137858 0.0145100004188 -0.519426718611 0.341274406101 
-0.000505376679475 -0.124940024803 0.992162236182 -0.00195752159403 0.174142600404 -0.773043831622 -0.135495446125 
-0.0888074233326 0.77925445928 -0.349845439082 0.512331824121 0.299624971858 -0.710616801788 0.394056143641 
0.509499322443 0.323333048004 0.0540698979093 -0.795576914345 -0.0512421020387 -0.71941098519 0.216758110379 
0.5258954299 -0.690259633656 0.492285658502 0.0680475230133 0.117666015296 -0.618581873914 0.400271665561 
0.071292737887 0.980340707969 -0.182415131982 -0.0239616661919 0.152928849275 -0.422343678123 -0.342452400893 
-0.0162323901257 0.896294202327 -0.112051159182 0.428763046579 0.227342952295 -0.124405643257 0.501575626375 
0.577575120275 -0.48576510103 0.448534555654 -0.478806849831 0.431661381255 -0.167561919679 0.541265377856 
0.861802101162 0.397910649571 -0.18950357567 -0.251102863781 0.183751563049 -0.636355203135 -0.100908208319 
0.953040685363 0.0122603741943 0.0427690563492 -0.299556243612 -0.196697126547 -0.688762944868 0.0320844664304 
0.412169541196 0.0431359655638 0.909747344977 0.0248057673186 -0.136612999455 -0.715342836901 -0.317623155272 
0.753368421005 -0.568692309213 0.274787671856 0.183075981688 0.314746016484 -0.562956788366 0.210908290129 
0.258044083867 -0.595374059873 0.754677748448 0.096976675592 -0.18630701375 -0.521827019929 -0.0173931953225 
-0.283861814878 0.365286215021 0.215738232979 0.859910149958 0.0709212979121 -0.444272462492 0.383458526498 
0.194198706893 -0.324986154741 0.925417801388 -0.0165152760155 0.119367257587 -0.705781892861 0.554156622368 
0.651623869655 -0.337460047261 -0.531867457987 -0.422639392547 0.139580491164 -0.758427805138 -0.059811976804 
0.769903409402 -0.289894818641 0.427216467091 -0.375094420864 -0.185249927463 -0.685234027244 0.475433401569 
0.70544002486 -0.700503749249 0.0405608253439 0.100018438601 0.249118658247 -0.0633451914138 -0.0270433060667 
-0.182822820799 0.512422992355 0.433484015806 0.718394112686 -0.182223298015 -0.535868616711 0.387615155433 
-0.191896088423 -0.289475133499 0.918285389847 -0.190084142229 0.116316963365 -0.469842364964 0.55975822016 
0.417442677722 0.731792796931 -0.46724996775 -0.268138734265 0.0262236173615 -0.240582325999 -0.502627219883 
0.841316296733 -0.0826835171716 -0.193936429059 -0.497733850891 -0.0295070485541 -0.947606121365 0.188322132886 
-0.0164454517042 -0.327445506212 -0.578616450517 0.746801172182 -0.400075155149 -0.356161206499 0.168960424538 
0.702274633839 0.508942796166 -0.090821580272 -0.489427225902 -0.115638858508 -0.865766113099 0.0450892717396 
-0.0575257717418 -0.660402278974 0.257231091415 0.703129988779 -0.00726278062065 -0.490016234223 -0.238945069276 
0.285589588577 0.891093386476 -0.284432984826 -0.208540261384 0.322199930872 -0.504543698635 0.0655836964025 
0.80462916654 0.110565186564 -0.527675700683 -0.248808357541 0.0935084086362 -0.558759590107 0.622807859576 
0.842988302252 0.436852028417 0.119305544543 -0.290339826025 -0.185407269991 -0.833151162706 0.253095345533 
-0.248278664679 -0.127290164948 0.95906460155 -0.0484768875586 -0.118773036704 -0.755184733086 0.229135536223 
-0.355961601231 -0.276966690786 0.853933680034 -0.259572842855 0.267262786257 -0.477249230404 0.601798217173 
0.861479719456 0.122126700918 -0.16428151174 -0.464703504171 -0.356561353703 -0.784544467234 0.138241426481 
-0.0740130116963 -0.416585725317 0.881290141643 0.210490127571 -0.0484733837813 -0.934189671282 0.0672880649482 
0.989318306161 0.0169617151969 -0.108314161778 -0.0960709720479 0.224714814023 -0.723015241381 0.35077881051 
0.571966714952 0.707096529919 -0.178998870563 -0.375270540677 0.104128845001 -0.268027048904 -0.468158918753 
-0.400318978316 0.239190517546 0.419925444178 0.778585405237 0.176881236804 -0.276982184195 0.222137330304 
-0.106206442223 0.635369389709 0.214970017181 0.734039387202 -0.0585886405086 -0.362143577813 0.464617466807 
-0.305996699253 0.821191378999 -0.473501114587 0.0883596830522 0.382120554037 -0.499931517556 0.651834782111 
-0.0849194444536 0.338694892327 0.545913293631 0.761612193772 -0.534223015509 -0.334481973571 0.417364468756 
-0.231495686329 0.196291036537 -0.329549692435 0.894022693449 -0.535671302576 -0.267425611913 0.422254079058 
0.616590967546 0.626208640908 0.40476994005 -0.252665020185 -0.0558379467265 -0.265639492433 -0.324088455948 
-0.388165947824 -0.0414368226129 -0.457949314443 0.798681796514 -0.36321442192 -0.0879683516361 0.613635939836 
-0.347805708745 0.583089684423 -0.102689398316 0.726974893898 -0.433889957224 -0.41712800805 0.562663177722 
0.0597194574504 -0.2661383867 0.961481262656 -0.0340253888802 -0.214949268864 -0.462061931604 0.487014622798 
0.91208204009 0.0577138667273 -0.230218651966 -0.334327435339 -0.0829921013526 -0.765810799175 0.177494975483 
0.794087146468 -0.434437147966 -0.333981415188 -0.262956997608 -0.065192551027 -0.832232315008 0.195236100975 
0.918485064738 -0.24427767934 -0.284899194685 -0.124683800463 -0.308447691495 -0.515869162943 0.484635329184 
0.807374817863 -0.353095603693 -0.0290484003397 -0.471832161442 0.205510018419 -0.551251699206 0.694813901438 
0.689718927403 -0.425458025009 0.543496227238 -0.218826691962 0.228049092436 -0.788418059497 0.563738850922 
0.345540104558 0.808335933488 -0.470155631996 -0.0784138793601 -0.0111439535896 -0.420571042915 -0.359437880202 
0.700029562471 -0.651286297811 0.239240498827 0.168963764374 0.542626584534 -0.392305837119 0.510020115477 
0.769815545743 -0.476111784239 -0.0364007513841 -0.42352872363 0.00746284488096 -0.896314329839 0.295617302383 
-0.456852968177 -0.355140112937 0.766523188444 0.278573270843 0.186732262863 -0.328452967289 0.42426906979 
-0.0281483963803 0.658273618047 -0.600398493984 0.45321646041 0.196324082539 -0.743561707513 0.184688074467 
0.139422362668 0.737479446802 -0.16182937368 0.640700182727 -0.0490387151153 -0.183478948529 0.624783195924 
0.714037803883 0.598432938095 -0.264447049881 0.249190270754 0.0634710787848 -0.836388971972 0.0407099267449 
0.853203100118 -0.3111467153 0.348686082087 -0.231625144717 0.390533431156 -0.578546112578 0.355394991546 
-0.130522162981 0.232155473003 0.78165998953 0.563981792342 -0.421319680036 -0.721447994899 -0.106715242301 
-0.270528424406 -0.00306642248696 0.736720937184 0.619715442244 0.0981331787868 -0.575624318794 0.418634183914 
0.666302665725 -0.131160581526 -0.640347885992 -0.358876363678 -0.192314447774 -0.649375885827 0.297670814061 
0.146193180056 0.784897969949 -0.298178753145 -0.523117732493 0.0261697421779 -0.041885732705 -0.275030914058 
0.539177370537 0.521444854148 -0.0916329062405 -0.654970562451 -0.579347013989 -0.330729593604 0.0774906538458 
0.511161770602 -0.0348888837446 -0.858714529293 0.0102843204792 -0.178461048358 -0.33643802859 0.708834487497 
0.800368600374 -0.143558730859 0.352234526594 -0.463391662208 -0.0643773875172 -0.662254351896 0.460662963646 
0.683839532901 -0.588126840598 -0.0733843910178 -0.425540883776 -0.00872408425995 -0.86000237852 0.251945050701 
0.53370244104 -0.0317201867851 0.805929985376 -0.254229016538 -0.0417647880186 -0.917081787671 0.33572731552 
0.693565134555 -0.157419122205 0.512587164823 -0.481083176336 -0.109388257254 -0.926393066485 0.0796469479516 
-0.256647551637 0.527192954382 0.76688714853 0.26092858124 -0.0159588846766 -0.0419309654439 0.317230942975 
0.638450062533 -0.553850367493 -0.0577328716139 -0.531317422653 -0.533169668279 -0.570888022296 0.330753452825 
-0.426792233361 -0.522184077354 0.280902066314 0.682836882455 -0.404299204028 -0.687848666865 0.107142370345 
0.819215849463 -0.101335247513 0.0623746852884 -0.561004419087 -0.453569231898 -0.706784300465 0.123499134584 
0.71906094907 -0.662404234366 0.193015436969 -0.0831686413712 -0.0323386333477 -0.802593395036 0.414817793126 
0.0438691742331 0.831873570633 -0.151750405921 0.532009090464 0.00233121118453 -0.108716252532 0.739043404034 
-0.127420883091 0.599550748128 0.50296451656 0.609368126876 -0.191308884798 -0.290381448227 0.554892739017 
-0.126881082428 -0.272323899965 0.94122505437 -0.1543900303 -0.0148059070909 -0.701716035148 0.175565610354 
0.4272642801 0.767311340203 -0.370901658159 -0.301845162494 0.44819906687 -0.532888129326 0.194459406557 
-0.291531102667 -0.489558740607 0.684680607828 0.454482475941 0.182366279748 -0.605697645485 0.0020609488001 
-0.00197738309146 -0.392164686072 -0.357752014076 0.847476516122 0.0248551646215 -0.0516971424628 -0.219177451261 
0.220868206801 -0.335133877678 0.256200510014 0.879354205042 -0.163598618493 0.0646107820176 -9.5644875461e-05 
-0.048117449879 0.668004077104 -0.561542448376 0.485927301829 0.252230236994 -0.593105637752 0.645214655555 
-0.089435233091 -0.181715772997 0.581619820864 0.787844591848 -0.229492627473 -0.223448193871 0.20104246821 
-0.0174440834669 0.255376714069 0.874323289501 -0.412355699972 -0.510658549278 -0.618768623595 0.0575145697882 
0.548656245217 0.37769235765 -0.490425374737 -0.561967756522 0.0130662543341 -0.654091468478 -0.0111156234895 
-0.191116540123 0.334631984933 0.0526960630819 0.921259479022 -0.323177804008 -0.476112373166 -0.0291014196157 
0.958703078333 0.184796223445 0.14739057326 -0.158160621866 0.209864518334 -0.464977663741 -0.383877493416 
0.745802360739 -0.172558005262 -0.640443030292 0.0619297867476 -0.060700157489 -0.782871132978 0.529483255905 
-0.483242101495 0.368089797514 -0.465121745857 0.643932243205 0.223749579387 -0.487258336642 0.371541389987 
0.34121207065 0.887973910941 -0.242947010576 -0.189877345629 0.565125185196 -0.0326061197731 -0.0942301148142 
-0.0488679741813 0.446465644224 -0.0549370513275 0.891774786602 -0.057510154729 -0.408376174194 -0.0436071695528 
0.682778072445 -0.451262434573 0.424572449954 0.38718800817 0.259766346309 -0.433472809323 -0.132614338668 
0.752358378088 0.537073760944 0.379189959524 -0.0415165126367 0.383705312174 -0.484382809644 -0.3059171308 
0.345611995418 -0.155070775426 0.848730920888 -0.369000307804 -0.122343206689 -0.70170110407 -0.207354293181 
-0.291964461593 0.116770032329 0.19079578362 0.929902404379 -0.280497037676 -0.276837429711 0.582663111765 
0.645500809518 -0.501556733633 0.380687868701 -0.432257208711 0.0768495524449 -0.716728165697 0.224725619352 
0.926881810352 -0.317655884239 0.0712997258702 -0.186818623103 0.192146307855 -0.65093238794 0.672543167099 
0.813920021579 -0.508329180401 0.2079691721 -0.189431956864 0.530584682163 -0.599075727433 0.377993556096 
-0.0328221289573 -0.411876152108 0.902899336014 -0.11854759466 0.020768549623 -0.8541032577 0.471659482654 
0.814336901211 -0.454079647415 0.236663448155 -0.273235241939 -0.169195772688 -0.749224807491 0.171526797017 
-0.272675353225 0.580626114744 -0.423972468486 0.639350305065 -0.237848566322 -0.666616810743 0.618576620743 
-0.49163241866 0.795276041742 0.00128951257439 0.35472795141 0.11544393333 -0.0874745463236 0.612151315347 
-0.382437930832 0.6987844015 -0.519579135792 0.308996943238 -0.0658807243488 -0.847554228055 0.348820371199 
-0.0412493080229 -0.109605975499 0.45611290287 0.882182546052 -0.309321211953 -0.481652190549 -0.162765939044 
0.37294332274 -0.0860519650054 0.889961810568 -0.247944173297 0.265174402042 -0.758861226886 -0.0741546305448 
-0.263593833535 -0.421683379889 0.124044279969 0.858670154748 -0.397525323876 -0.276493443715 -0.385241281386 
0.826169931724 -0.311566314944 0.410622256362 0.227506127143 0.174383425918 -0.680838718851 -0.00955792861086 
0.00285337185693 0.778183950889 -0.254438953259 0.574179776649 0.281124193013 -0.613250445733 0.419880606652 
-0.363763183099 0.900646834486 0.0353806726218 0.235074103545 0.148874022384 -0.0323072235224 -0.13368602138 
0.76005151089 0.264058005303 0.335968827843 -0.489612109069 0.0226107661465 -0.895116515235 0.0175769021272 
0.360290233549 0.0638294846266 0.835885595706 -0.409160134168 -0.134597799678 -0.881097857309 -0.0166154939907 
0.0339611545692 -0.164907104217 0.985151392794 0.0336008963294 -0.00511624280082 -0.940650279089 -0.0525992627803 
0.311361634877 -0.348190914608 0.830439702233 0.303622990345 -0.0408902103954 -0.821581469084 -0.107693692388 
0.490303907355 -0.442044434128 0.743816150129 -0.104576916643 0.12287668502 -0.931277635923 0.124520116495 
-0.378220691668 0.200235123992 0.0568024625825 0.902013571826 -0.0633945873804 -0.640056632056 0.368220133585 
0.0632295030445 0.0412127091557 -0.286800179567 0.955012669837 -0.313719670846 -0.457302767378 0.168884926754 
-0.292286864568 0.680681384812 -0.6254965965 0.244939276023 0.196887541169 -0.708377775999 0.589721868132 
0.420321754331 0.581659834755 0.441684732919 0.538438535187 0.095708836758 -0.0832911377984 0.428688471707 
0.722732267377 0.112622767927 0.629075892759 0.263130581625 0.014401595779 -0.253691390732 -0.331219826891 
-0.356454413386 -0.536997670353 0.253421818199 0.721353682512 -0.10995908094 -0.429386519706 -0.378427438457 
0.617231705844 0.158464262605 0.706345518331 0.308204651994 0.00851373692356 -0.145744646527 -0.219725539826 
-0.195769352866 -0.177402397101 0.842178095044 -0.470041281388 0.283943537435 -0.604023914159 0.356145480109 
0.264038069275 0.908184242114 -0.248366445245 -0.209283036163 0.268483998362 -0.284316475708 -0.182314423216 
0.0298910550941 0.483082717677 -0.240505909365 0.841364677336 -0.379985741792 -0.225722158824 0.25273686889 
0.803333583567 0.254656788452 0.452037114772 -0.292348286255 0.0187934492373 -0.894188346021 0.133412806666 
0.423873886016 0.782339077886 -0.270975158174 -0.367217863971 0.170045992435 -0.425835597819 0.159165538964 
0.70794514729 0.189925858023 -0.629318018789 -0.258264724865 -0.1067288723 -0.685420474955 0.0260462208732 
0.704341725674 -0.490890193545 0.508025392977 0.0695683221477 0.00470396604763 -0.69286896586 0.0160931469793 
0.552169878467 0.640797535671 -0.350174043835 -0.402324598572 -0.250412517101 -0.405425552733 -0.317759307863 
0.0147993344405 -0.685769235458 -0.026522587429 0.727185043682 -0.139016325966 -0.40729875886 -0.0795437246581 
0.0833901743717 -0.608915013799 0.771959133937 -0.162319685555 0.0457225637587 -0.314478071192 0.692394750025 
0.332941363372 0.0985546967835 0.852250188738 -0.391288430821 0.00813162249155 -0.884882999755 0.0519347450807 
0.509052890136 0.637735461384 -0.570393352267 -0.0938619200016 0.0682241680975 -0.733731015948 0.0898609312621 
0.498256036938 -0.448670849252 0.724173140245 -0.161271986513 -0.291811749634 -0.35335858862 0.373890695843 
-0.461184115177 0.0275829912664 -0.464562656418 0.755466695999 0.0601725231047 -0.174451267492 -0.104761824645 
-0.0940475293574 -0.590947720086 0.712620629802 -0.366207171322 0.236229386287 -0.863454896367 0.168333449649 
0.25013189908 -0.381565704791 0.88883684207 -0.0425524872334 -0.261564857412 -0.814853696869 0.345092642475 
-0.457058727321 0.560688710109 -0.170600628956 0.669044778423 -0.229735553423 -0.418051873388 0.163843464102 
-0.362804736674 0.110325134688 0.665055850646 0.643352005689 -0.249446014238 -0.550775922945 0.335807949224 
0.469914836794 -0.401445182308 0.761617504128 -0.194834774023 0.0687513364391 -0.768742563389 -0.104856687398 
0.667835718371 -0.467353069125 0.180100075005 -0.550581987565 -0.0590942405357 -0.82586106047 0.110843832084 
-0.390048616819 0.655629792072 -0.506421253873 0.401931792586 -0.136186476513 -0.284006114145 0.59858309217 
0.194119957219 0.511874810812 0.600698432279 0.582634545596 -0.37961260659 -0.0445890730433 -0.110520367491 
-0.100238699752 -0.192079872487 0.932736185938 -0.288202590376 0.297774558696 -0.700077887907 0.213832527727 
0.819920504983 -0.0656404606385 0.568653933477 -0.00737559336662 0.0528651670625 -0.644831714791 -0.395618684476 
0.0352667518441 0.720602984956 -0.467513678416 -0.510801874292 -0.0229705132038 -0.475248597195 -0.187440830183 
0.656118142964 0.035032653122 -0.737093237256 0.158035613963 0.104176339905 -0.636218076665 0.461693888911 
0.918969181397 -0.300352418766 0.23537920838 -0.0994016923747 0.287670241804 -0.79961997955 0.377393506886 
0.754207820463 0.239994035176 -0.112308545809 -0.600799648111 -0.171853208129 -0.673812608277 0.135739102114 
0.919042734118 -0.289624100284 -0.075907983903 -0.25635192876 -0.310395881447 -0.728499812984 0.35794093949 
0.558721266016 0.680227060469 -0.423504262359 -0.213929504443 0.110647354849 -0.556383378612 -0.185239205585 
0.891102980519 0.134164587639 0.0291267552867 0.432535517225 0.223722376776 -0.0529605211582 -0.338253850167 
0.981844578674 -0.0859886917119 -0.121771615453 -0.117298089911 0.334489994675 -0.680154873066 0.525934707341 
0.691250163303 -0.675346493354 0.0862828232072 -0.242147888836 -0.103915793052 -0.601815952731 0.529726991631 
0.882202228235 -0.379431424651 0.27361609131 -0.0537145888937 0.0551523889487 -0.854870601117 0.00463643890956 
-0.162758236001 -0.195785715191 0.953923188227 0.158771097192 -0.0852610720288 -0.76398284118 0.179132915156 
0.587479906426 -0.0382423288601 -0.16406613331 -0.791509436286 -0.424978879328 -0.699226179053 0.293874413107 
0.93100261049 -0.295978741481 0.173072312181 -0.125206623658 -0.0167870886602 -0.746604349449 -0.0743017181414 
-0.0649286416239 0.10767804453 0.841316890781 -0.525714370652 -0.247263434097 -0.823831386547 0.242876365155 
0.672868462659 -0.198408728761 0.463068045931 -0.541710248333 -0.187678027983 -0.714946036253 0.0747579619579 
-0.308679025338 0.766025202474 0.237309499596 -0.511475170358 0.270139657762 -0.178355875477 -0.105747408074 
0.654556926351 0.715250182326 0.197260416932 0.145123170998 0.450732046124 -0.3376342943 -0.204576824479 
0.120159668648 -0.237617455725 0.932214625204 0.245103021853 -0.201624315471 -0.8776689964 -0.017143291236 
-0.239698350654 0.129290207901 -0.510130756647 0.815840274783 -0.238545496222 -0.506584730192 0.604994941198 
0.592005460235 0.490265659483 -0.455313738371 -0.449286676672 0.478004585945 -0.220172977212 -0.157550987083 
0.352166613195 0.891401957147 -0.184179471872 -0.217851209515 0.0341462879127 -0.53775976411 -0.154752185357 
0.00328875451791 -0.605249530961 0.650252731027 -0.459166173794 0.23965545939 -0.728417855113 0.597158642394 
-0.4076408379 -0.28672531544 0.715318006717 -0.48983434958 0.0512358309765 -0.842211853668 0.149106091745 
-0.057803185351 -0.545475700936 0.454382170465 0.70189165447 0.405605794242 -0.5568355338 -0.0223891937514 
-0.235911595106 0.872834517139 -0.418178060876 -0.0873655217354 0.261448751775 -0.540158052449 0.11415549624 
-0.0952892654407 0.772977679529 -0.613618121818 0.129993320671 0.373118685545 -0.666079828757 0.27135239332 
-0.406185384836 0.380535860305 -0.21341865624 0.802906202079 -0.309016047628 -0.216246858144 -0.00177119972063 
0.638800772774 -0.425368704023 0.508791279805 -0.390033936903 0.228874738778 -0.73614818289 0.245506994975 
0.472635998527 0.684631310118 -0.531503822775 0.159370224563 -0.0731696013207 -0.641532765118 -0.230131362058 
0.51101685406 -0.731444911894 -0.421668464605 0.161387179445 0.150948409617 -0.0284812815915 0.356775848034 
-0.475376715459 0.248087566168 0.705364287013 0.463606255909 -0.097389352611 -0.812733228265 0.210320539482 
-0.408200504426 -0.440185991982 -0.423734459915 0.678275569463 -0.240489109927 -0.658773897763 0.135563876904 
0.711489246883 -0.309714693429 0.475875191084 -0.414008046727 -0.238665807758 -0.747637460778 0.458537604606 
0.637260428157 0.0150203414519 0.269736089618 -0.721745092124 -0.231443093766 -0.662797371898 -0.0180317055061 
0.0950261732018 -0.277378211462 0.905415882999 0.307007219828 -0.101976995145 -0.728457724337 0.269015033545 
0.842521345023 -0.216064689257 0.315559457273 0.379336344374 0.562792832781 -0.123183150651 -0.129735668035 
0.516010232479 -0.293110318524 0.556935669795 -0.581070082573 0.114329293012 -0.695554545049 0.655960972024 
-0.391756897731 0.15459162386 -0.365299386696 0.830171260037 -0.478139216678 -0.122257806812 0.44078843857 
0.971628045152 0.199593777341 -0.109666355245 -0.0638322524202 0.528915199549 -0.665222236061 0.230647992221 
-0.0864532960633 0.904768830316 -0.34079356655 0.240372494861 0.441757512414 -0.310211388475 0.650369520403 
-0.484183905865 0.479359246268 0.5383272994 0.495968120991 -0.484078341256 -0.694504469166 0.201443425754 
0.734864770951 -0.0475227084345 -0.593437850245 -0.324879790838 0.125872883614 -0.865595847609 0.0888383243638 
0.554666652231 0.10374794592 -0.751913983957 0.340890934685 0.327958933213 -0.717201244309 0.480204345019 
0.841416373286 -0.292483237062 0.40546368505 0.205112756577 0.254314511387 -0.89749709853 0.0525262994104 
0.635904623849 -0.554882106418 -0.486424384894 -0.226102797693 -0.230741651749 -0.715649126446 0.379677954568 
-0.138378571263 -0.162740909128 0.936826729394 0.276988170512 -0.0856135553643 -0.232383625888 -0.381284448636 
0.7763745396 0.481759101089 -0.261083527019 0.311425969852 0.272974857564 -0.830918063511 0.189555140206 
0.606631818798 -0.194817905451 -0.763610199138 0.104610152042 -0.212558090861 -0.638499313406 0.281179352889 
-0.217004037973 0.290799304643 -0.576952703736 0.731758559618 -0.307942056546 -0.160936657245 0.411773903297 
0.415299916815 0.580927359547 -0.551560995899 0.431079864788 0.336972061066 -0.562217787089 0.200149009346 
0.22100525316 -0.173172482897 0.811779986308 0.512036349366 0.0200879369795 -0.880629301636 -0.0387791696496 
0.48223607046 0.697085954401 -0.50890350356 0.150122511933 0.155576996334 -0.156017660762 0.482593702076 
-0.426344058314 -0.509942933039 0.432959728255 0.608879973964 -0.332643648414 -0.581759823272 0.250284503429 
0.36635448877 -0.0687491650627 -0.487642793199 0.78946972526 -0.204509973616 -0.0262119181145 0.371979081628 
0.00301745800702 0.688229335343 -0.441367390521 0.575783035096 0.271587957547 0.11724204177 0.186893670028 
0.847027144648 -0.0872018719857 -0.293207465518 -0.434707064489 -0.317017410345 -0.750729253428 0.487136751347 
0.794618524238 -0.141931380352 0.309448701513 -0.502671249765 -0.132792532075 -0.388088252168 0.67019210766 
0.695122350204 0.0450627182184 0.0837939762617 -0.712567778683 -0.187949349508 -0.538347233118 0.627438810637 
0.701274837271 -0.690030985088 -0.0585549384661 -0.169239952171 -0.163178706899 -0.787895503099 0.229203711481 
-0.445526283044 -0.340890617671 0.681511588022 0.469938159008 0.0499871230171 -0.604686779653 -0.229849411116 
-0.392826521677 -0.61332199594 0.0114428551793 0.685122262248 -0.525561780853 -0.388347550977 -0.19241981767 
0.608823519386 -0.658722252794 0.349989254626 0.270048954012 0.421161285826 -0.626557220385 -0.0279220590217 
0.623990249657 0.238565805626 0.61084530869 -0.424959449325 0.00946558223854 -0.826356615289 0.193214173213 
0.470033776435 0.593893666068 -0.302295160887 0.578771283081 0.0524328755058 -0.587722106022 0.338030328401 
-0.179521404049 -0.457071346982 0.785195680757 -0.377260642231 0.466342789159 -0.601768119931 0.466513541423 
0.868382351604 -0.253489345176 -0.125131791894 -0.407427635247 -0.603247111889 -0.54495607946 0.12231367403 
-0.228152710082 0.863399686706 0.212560057193 0.396617629416 0.124708657755 -0.132546608986 0.720597903364 
0.0105823090911 -0.475999567454 0.651965273554 -0.590130247147 0.0649910601309 -0.75108945812 0.400040424678 
0.684447132514 0.312518338316 0.255474972392 -0.607121857201 -0.000684504397859 -0.0930139067316 -0.372878480865 
-0.397239349439 -0.215475147426 0.891229337799 -0.0384919153191 -0.155213749741 -0.870170601344 0.462655540099 
0.729355748566 0.604322931455 -0.0547117357432 0.315975651788 0.567400309698 -0.452068907375 0.322296469138 
0.63600104869 -0.420951463246 0.314594936343 -0.565095175775 -0.142265349621 -0.63986333648 0.260851245246 
0.234673610815 0.151325178249 -0.579664337638 0.765518283574 0.102649434388 -0.180973503916 0.700194578842 
-0.109970767378 0.0472617351309 0.523360900925 0.843662329429 -0.0795577500287 -0.596460057879 -0.0362851186622 
-0.00597651910706 0.00546031392998 0.965391097798 0.260680828761 -0.122361064046 -0.923309218751 -0.0298768120823 
0.0242934277053 0.544494004667 -0.309221373736 0.779306262182 -0.226159322154 -0.298695373555 0.643332104829 
-0.261733902433 -0.167698691726 0.945903542623 -0.0929462272739 0.423819683518 -0.35868328328 0.536223428507 
0.121342464631 -0.515913909163 0.826949630994 0.187784856706 0.24650181286 -0.742476038213 0.0689211704005 
0.221529540942 -0.494623591146 0.839335168753 0.0422923168656 0.0646527235421 -0.89068876525 -0.00204947996833 
0.000197018087319 0.343964723903 0.588004060985 0.732078857883 -0.34373126876 -0.146126421457 -0.159436846093 
0.578620234013 0.233603127567 -0.781419001339 -0.00354230549473 -0.0364867239134 -0.941926870553 0.0899353151915 
-0.428916803451 0.271264692941 -0.601800337523 0.616670248868 -0.35913578384 -0.255561473077 0.61673624813 
0.444168097985 0.678505030351 -0.583260130055 -0.0464030732635 0.058801958691 -0.716335416489 -0.235567388513 
-0.302959419567 -0.41764092334 0.679531189957 -0.521564004819 0.274843433289 -0.748064952582 0.3611628292 
-0.298305691789 0.932692108699 -0.0412091806807 -0.198496720489 0.253187276805 -0.537743023286 0.441886933667 
-0.221734732957 0.0454092961546 0.909945666796 0.347520628888 -0.150751453186 -0.931327215976 0.1300757933 
0.389927002006 -0.276629672807 0.646077801212 -0.594992799965 0.144917000705 -0.542983043822 0.706088387501 
0.514218749143 0.271248763962 -0.265760396816 -0.769008841018 -0.278400493495 -0.790343649253 0.195744709154 
0.446014271713 0.708935921349 -0.434029083422 0.331813025051 0.383651295866 -0.537596777437 0.101403320905 
0.905674028249 -0.155634879621 0.363316815477 -0.153405444466 -0.206221255268 -0.585250758983 -0.29413573495 
0.553961391114 0.129538019817 -0.801252295264 -0.185314429854 -0.0639285601528 -0.846735312374 0.48165656426 
0.506668227415 -0.493041578416 0.124561733336 -0.696190838686 -0.202203593906 -0.578767775787 0.410724749732 
-0.0133225838981 0.93302326733 0.334139386475 0.132819282433 -0.110532261974 -0.0579046556673 0.460691437637 
-0.0615707988049 -0.125392860851 0.981402383955 0.131662553331 -0.267049344859 -0.806477832553 0.0543857585345 
0.689045423298 -0.351026736508 0.59458571009 0.220146469983 0.157991053317 -0.813484629834 -0.00307271120606 
-0.21125144997 0.770132157754 0.198720335085 0.568136878668 -0.482175898145 -0.349646454709 0.475473997794 
-0.236005481495 0.928125809233 0.0678725403882 0.279780651943 0.533221429056 -0.107706323938 0.109335357394 
0.313484369087 0.701684436403 -0.637291261111 0.0568009732339 0.178784508147 -0.565581631416 -0.329109645979 
0.495981198441 0.613361681076 0.0794541836918 -0.609489238358 -0.233780601556 -0.72666046888 -0.211605000073 
0.727448910791 -0.410086600342 -0.503367998072 -0.22196333239 -0.0265188413632 -0.821341221034 0.182578774003 
0.646947100252 0.289255383081 -0.402521129126 -0.579454496437 0.134450958033 -0.617931305485 -0.329765872139 
0.785615624102 0.519452184326 -0.24984257899 0.224847070449 0.50917466797 -0.313865921304 -0.0446011604545 
-0.29300957937 -0.404803601965 0.672968316814 0.545337578751 0.0453074895148 -0.756540179804 0.0054546178723 
0.0693071146071 0.86559455026 -0.427268066211 -0.251762979846 -0.267593816193 -0.305976754383 0.00394139209333 
0.695794930897 -0.0818339632568 -0.483828509869 -0.524483164299 0.0817929315059 -0.831416301735 0.0501919653099 
0.664807685234 0.342215863992 0.480546592836 -0.458251040588 0.0185745591066 -0.490559607822 -0.14686634057 
-0.334326366034 0.697839030056 -0.579718184819 0.255290805349 0.184082773058 -0.704687330839 0.493351895115 
-0.104206011887 0.784243847464 -0.515159884218 0.329716527483 -0.013022495863 -0.624678328806 0.67024624352 
0.169700238192 -0.183347794805 0.902531515999 -0.350745317755 0.0153039100642 -0.809965734788 0.288297647941 
0.523221472492 -0.840269815627 -0.0241666138147 -0.140006794286 0.0349739826311 -0.298316716916 0.815000563315 
0.0182333465406 -0.154065146212 0.876030448292 -0.456620334043 -0.0568712557005 -0.533796205615 -0.0152006166225 
0.712445785217 0.478738325794 -0.318629559791 -0.402126624549 0.0391196019346 -0.632943390115 -0.0678689349609 
0.268964070177 0.895608665214 -0.30216895371 0.18503343255 0.464968016865 -0.0093912282222 -0.225543695336 
-0.0789151566022 0.643987796292 -0.327248891216 0.686993653161 0.31614126735 -0.40625949981 0.479101188559 
0.973145233369 -0.0827004698091 0.132265059618 0.16927770399 0.608233674774 -0.303068431965 -0.0279206635888 
-0.122217165239 0.00851170084152 0.834031753952 0.537941956784 -0.0512567056968 -0.841684035301 -0.0357523560684 
0.565848666923 0.732410101127 -0.172994069706 -0.336843853669 0.281262011353 -0.735610184684 -0.206654003729 
-0.421077183739 -0.330315473632 0.807440616556 0.248244524511 -0.224467195606 -0.767321842292 -0.194292238595 
-0.0704438443464 -0.3883462768 0.556302785427 0.731267423734 0.0882468264628 -0.478222019662 0.242016736772 
0.241246148344 -0.625065064273 -0.0718235964558 0.738874368433 -0.00301262705593 0.206169739569 -0.167542643799 
-0.237219142139 -0.657177243744 0.70424438231 -0.126035704834 0.134072914557 -0.682505647651 0.545342946241 
-0.460026380342 0.783044464817 -0.272714016962 0.317559695902 0.18691223007 -0.705667605442 0.269087480929 
-0.350479081638 0.628677098484 -0.597513421126 0.353422170712 -0.00610008726522 -0.450734805057 0.468395139382 
0.501707451305 -0.833249699313 -0.037631642655 -0.22927806561 -0.139985435227 -0.447743416644 0.664400602893 
-0.376279877962 -0.190014481673 0.902233708582 -0.0910070617818 -0.0618280690495 -0.623216726815 0.38370873365 
0.350130841055 0.626666369687 -0.508604877453 0.475414276055 0.331330511799 -0.750451406943 0.180295339652 
0.315426248319 -0.291321782217 0.53825290091 0.725204602674 0.00606568962037 -0.665004233859 -0.313117469451 
0.509861584315 -0.0668976117652 -0.526149101942 -0.677298307177 0.076324449231 -0.739339131922 -0.153758758994 
0.571219777175 0.60515046425 -0.44018259866 -0.33725385338 0.242261804185 -0.617447191263 0.188050049632 
-0.305190551429 -0.426492484437 0.655100218277 0.543881045864 -0.179432204843 -0.48639510738 -0.261681096753 
0.787337105097 0.181587020858 -0.387488036264 -0.443823679568 -0.331458496519 -0.697054068567 0.204525999195 
0.390811211683 0.805319886778 -0.414864764896 0.163137070072 0.552146744762 -0.339077196447 0.101313221146 
-0.353884261502 0.800315461816 0.203877185842 0.438970595978 0.125750878177 -0.256435459101 0.604151264472 
0.718663871683 -0.138131588822 0.428970623057 -0.529552743607 -0.20680607854 -0.774338605122 0.435511275307 
0.0452385893967 0.93542690553 -0.349791332483 -0.023999961658 0.349466265325 -0.315497998736 0.609698099774 
0.325825286002 -0.432458454915 0.750279702648 -0.379338813685 0.0504488714082 -0.92526833181 0.213249665946 
-0.244549819177 -0.615542423755 -0.132009594756 0.737479747105 -0.0206076208164 -0.247176416634 -0.271791042017 
-0.499915241301 -0.282100242523 0.816259158071 -0.0650014734309 0.0718310006318 -0.91073289834 0.26824602247 
0.282614168672 -0.555636803083 0.755981097525 -0.199723696418 -0.0741737970936 -0.832297774047 0.229195930706 
0.982642850491 0.172568501816 -0.0597374099045 -0.0326279392347 0.0399850062779 -0.791197919295 -0.0748273645205 
0.734952387709 -0.129623324661 0.663847082358 -0.0484750734837 -0.133850293774 -0.850859284395 -0.0820966045979 
-0.272044955308 0.747068188537 0.0894101020467 0.599905407226 0.236374984864 -0.341331904203 0.323192907223 
-0.154765200703 0.930424248696 0.055821153659 0.327478928931 0.169029087172 0.0313262190996 0.333801836085 
0.99479448716 0.0113133887822 0.0970481764152 0.0289410954198 0.318918588435 -0.732654844071 -0.219018367386 
-0.0224864200879 -0.449275258209 0.889125111431 -0.0842771587985 -0.0618574562167 -0.713632385789 -0.0240965863216 
0.0274873550239 0.074762591279 0.862979693991 0.498919881362 -0.351152615133 -0.638802414323 -0.144270574134 
0.728237223842 0.313991778014 0.381684741378 -0.474759378369 -0.474399266626 -0.691960041007 -0.143890950872 
-0.195177294203 -0.440917749779 0.207290776657 0.851192043942 -0.267481755175 -0.496669538363 0.116737531808 
0.859538094256 -0.0925413854461 0.0565181993935 -0.49943573124 0.120958548035 -0.674499553625 0.128431057432 
0.764942497116 -0.294875982692 0.483512600226 0.30680074374 0.123917839347 -0.383689063122 -0.173650274703 
0.862036899636 -0.263807000395 0.0209630972527 -0.432271672403 0.125095260711 -0.906352720566 0.223644245132 
0.0913900545231 0.764952256567 -0.54714644313 0.327302112546 0.0276888706699 -0.620269940498 0.167667466922 
0.562090185863 -0.363199487587 0.174921923964 -0.722179393011 -0.415837534269 -0.353853731071 0.673960186292 
-0.396500643454 -0.174716233526 0.789227447211 0.435179864023 -0.408180965841 -0.736867968038 -0.154112875518 
0.0440819086163 0.276587346036 -0.0842913082475 0.956269418469 -0.219223852952 0.113784837711 -0.215383674439 
-0.287110538198 -0.110000448012 0.00744774911882 0.951531382208 -0.346000381331 -0.421231873133 0.319894253906 
-0.443670326346 -0.0348282746276 0.743230164494 0.499552355007 -0.304222416597 -0.358626058962 0.0331596623837 
0.294376596452 -0.517603575276 0.799904762116 0.0747082985178 0.138136825123 -0.92981507688 0.207445104391 
0.0992671573932 0.0666176418821 -0.372299604246 0.920380967823 -0.397312894847 -0.463807341505 0.524251311618 
0.433179922224 -0.107115331062 0.8361713594 0.318902678812 0.072182727639 -0.624384487557 -0.165894133182 
-0.137398018218 0.67152449069 0.495235390963 0.533777622733 -0.551122019989 -0.40753848334 0.310926915399 
0.162829684059 0.00425458589757 0.572564274133 0.803516362294 -0.334461958718 -0.527898396264 -0.227447484881 
0.493141253723 0.662109217415 -0.444922333686 0.347083858854 0.347736507446 -0.252576141454 -0.14646727486 
-0.360472743183 -0.365163976489 0.746122105177 0.424283485259 0.288703084248 -0.656886796744 0.192010866395 
-0.324422142141 -0.452198468832 0.572312301306 0.602266924418 0.117037311068 -0.467410257601 0.313363938561 
0.20670433155 0.653407453704 -0.497500420879 0.531813266089 0.00471075829946 -0.582523112553 -0.0728326809112 
-0.229720777075 0.667530486306 -0.0482002178253 0.706617402442 -0.10507610374 -0.282831698806 0.561318853206 
-0.0379130634129 -0.280619784269 0.958589952654 0.0303387371409 -0.0290826247941 -0.404653853717 -0.359998447777 
0.509428203872 0.276061165354 -0.814384618498 -0.0324165272224 -0.0580500315552 -0.697539158956 -0.0941959279195 
-0.0517509806864 0.840168503633 -0.13916503659 -0.521605036491 0.518567602906 -0.105222610919 0.0763477439873 
-0.437241752657 0.310345633678 -0.441723877198 0.719294969886 -0.234491766001 -0.170979227749 0.708078872276 
0.107210026224 0.879535261336 -0.383623074916 0.260301883851 0.480766264525 -0.627662389313 0.0193337294622 
0.925691827501 0.204265141383 -0.275301559239 -0.159935749583 0.147437220828 -0.687753945657 -0.0695254921328 
0.753798470085 -0.234518793616 -0.0202414750398 -0.613497420229 -0.187802113377 -0.897613310526 0.219144154118 
0.743926908724 0.146413658319 0.299661609201 -0.579084376499 -0.191917074127 -0.718146884534 0.522259416082 
0.065241008837 0.567843465591 0.510947542113 0.642051414266 0.150128352111 -0.154326680442 0.357720227097 
-0.0625153888314 0.245370396676 0.95445827478 -0.157780215168 -0.551319998755 -0.199708742806 0.0767476591064 
0.695848332035 0.211156838143 -0.415304716363 -0.546561873054 -0.118676065698 -0.872001520365 0.0142049423968 
0.766894820302 -0.290742034345 -0.433606902605 0.373264595256 0.307456992956 -0.263138786631 0.751112235307 
0.60954815282 0.55560921851 -0.51558371909 0.232212993414 -0.0414677771202 -0.842894205035 0.136017043315 
0.564575569314 0.57950445566 -0.536316328344 -0.240403428336 -0.145159921909 -0.684017680692 0.0289093467654 
0.666286887456 -0.733497220749 -0.101207394716 -0.0883214244252 0.00927882406994 -0.10823495121 0.608750909327 
0.282216943405 -0.0415127817255 0.945749047033 0.155528215588 -0.152035312224 -0.424916508997 -0.372251268718 
-0.239267314539 -0.133281596073 0.752898991256 0.598439869417 -0.0504410096023 -0.804522045637 0.183370505723 
0.657864842199 0.680731242263 -0.184547163566 -0.264123398483 0.418518620159 -0.319484050473 -0.310918935508 
0.790986345071 -0.0685141837187 0.454402289716 -0.403936836204 -0.0413018908241 -0.679132539389 0.316299070727 
0.869079087089 -0.25850816231 -0.216516486778 -0.361933255391 0.0973801048046 -0.701031842154 0.66371394114 
-0.287253852552 0.673697574493 -0.264161370505 0.627563202115 0.0189572516841 -0.223981713231 0.588943743583 
0.0514021426829 0.833093938568 -0.549690955222 0.033943526571 -0.0972342689281 -0.174629614233 0.440604940151 
-0.204637887906 0.67763673321 -0.210550172526 -0.67424062284 0.107064306622 -0.370083938011 -0.141361588161 
0.223872390389 -0.0636302151844 0.873897582476 -0.42677319958 -0.066241654548 -0.131730315971 0.113326064342 
0.850192937476 -0.521911706553 0.0158326971645 0.0673013025864 0.1421783098 -0.818925858607 0.0475818294732 
0.963016365947 -0.140422209657 -0.0319417234325 -0.227729682425 0.0349236729754 -0.769298801023 0.244694994546 
-0.0419744156757 -0.189083667371 0.730082805269 0.655335496226 0.108397014186 -0.514726735735 -0.315265869946 
0.583147953289 -0.582926472351 0.550443813432 -0.130945792835 -0.104243002952 -0.705288727597 0.372586122321 
-0.0198673867981 0.840176422598 0.398062603308 0.367770349132 0.0063138080774 -0.105396600278 0.458799901608 
0.701049231502 -0.635216162963 0.0949841966117 -0.309852228839 0.19244451375 -0.731331493912 0.600033656579 
0.626286134831 0.592301164093 -0.426931305246 0.273266662682 -0.0510331150809 -0.784973896108 -0.0865507125571 
0.301643791109 -0.551679496978 0.755458587615 -0.184236473855 0.0984558715378 -0.797362959154 0.555628719963 
0.360887442266 0.347079956515 0.68999157856 -0.522692432809 -0.172568272162 -0.604645137711 -0.017489924336 
0.0175478922412 -0.172878944448 -0.333896089208 0.926454717542 -0.343618415617 -0.346547022474 0.0446485075818 
0.734235060652 -0.210387408913 -0.497965537397 -0.410690074685 0.0324270866693 -0.715240317279 0.044996843544 
0.522479461716 -0.775454184383 -0.0968329048732 0.341041652209 0.599917480551 -0.096226658122 0.195035247363 
0.147775726759 0.726849125984 -0.566332938299 0.359332277474 -0.192646117669 -0.38345661284 0.464454198381 
0.121151745787 -0.186489554813 0.750477380047 -0.622356491471 0.208045832293 -0.666782654358 0.277680910779 
0.698781854408 -0.411867834816 -0.289319608776 -0.508294177196 -0.0198387409961 -0.84715175527 0.177959156897 
0.939252814222 0.168550354773 0.290398920255 0.0711575434925 0.403942859568 -0.538738272349 0.0246709473508 
-0.0541140010506 0.527951900454 -0.203922243187 0.822650706212 -0.143584737918 -0.452369614061 0.357478742658 
0.543504737097 0.585662455974 -0.60099773008 0.0200951948307 0.319731712555 -0.364989167281 0.278826970724 
0.739134668118 -0.340740466823 -0.31109090812 -0.490712057668 -0.328396186879 -0.726285896112 0.501180858867 
0.522304388458 -0.183563362065 0.755294559682 -0.350760240079 0.355031624207 -0.782261402727 0.233958633886 
-0.161072985802 0.981883710875 -0.0874671625299 0.0480558741715 0.0819889647521 0.163899294713 0.523124564969 
0.338861926389 -0.582991346169 0.73843964117 0.000762551637708 0.527475542022 -0.482966912284 0.275034072673 
0.823023156565 -0.0171418742021 -0.00519712472249 0.567725311926 0.111487008601 -0.0272842236944 -0.198529033895 
0.0925683357193 0.860477415376 -0.439966800175 -0.239664214254 0.390703978377 -0.639541379338 -0.0928983360435 
0.84456224138 -0.299343728302 -0.360046729207 -0.259758167432 0.167549697465 -0.759202357811 0.289306030826 
-0.120386470096 0.56542705804 -0.338206453657 0.742573723316 0.296338807699 -0.345737909662 0.597688029442 
0.488351883767 0.681599457809 -0.499340279743 0.21816026623 0.365063668506 -0.357139328225 0.660443064026 
0.510211814327 0.113219318326 0.465453132104 -0.714295927675 -0.206173384944 -0.72977190985 0.176496451511 
-0.333669540074 0.0457945529203 -0.471999655495 0.814729293792 0.0961453275382 -0.459133027119 0.408336176703 
-0.147162963797 0.985072020802 0.0344250099255 -0.0824080979731 0.186827160586 -0.36865646464 -0.106662805844 
0.452788572665 0.255559939894 0.786554315261 -0.333172529974 -0.534585015833 -0.454228386799 -0.165552965539 
0.574797328806 0.253628685496 -0.258536632132 -0.7337842534 -0.402084645159 -0.227472406846 0.344358143095 
0.856461042701 0.315887348473 0.33146339678 -0.238372989254 -0.0585286778793 -0.923101265806 0.165386649746 
0.9099566442 0.404748255002 -0.00547350116887 -0.0901542929276 0.284020367161 -0.732251888535 -0.00308059564566 
0.787017373213 -0.593692149926 0.164938399701 0.0304730976576 0.304942083354 -0.541057833658 0.25741380182 
0.539704576072 -0.552134998023 -0.120301207871 -0.62401404945 -0.256210375601 -0.458971301898 0.421536754971 
0.332587983782 0.473326181104 0.705497732077 -0.409414837737 -0.0265748639832 -0.297314886424 -0.146091053397 
-0.230159860201 0.281931645369 0.929707442898 -0.0564363066912 -0.26278323615 -0.24877001133 0.622305659717 
0.843291268733 0.350835013629 -0.336063778945 0.229860317959 0.158541746738 -0.899742612919 0.0989589474803 
0.0954134832497 -0.553521250075 0.615930527162 -0.552394857543 0.366022214921 -0.536086973876 0.659986877 
0.611435237198 -0.152742622202 -0.673105855049 -0.386969184785 0.0902330762518 -0.541607706228 -0.112608867795 
0.780981685994 0.508333973191 -0.128457172103 -0.3393566454 -0.252763525795 -0.756922517075 0.00674188367906 
-0.0602633693813 0.874673157921 -0.168325417035 -0.450534956584 0.474439547234 -0.430134207426 0.0261476796204 
0.666341460488 -0.706988569736 0.214112120075 -0.101549103068 0.273672308352 -0.815332741411 0.37100573931 
0.606241400133 -0.0777749907525 -0.776646096314 -0.152457392928 -0.513944035295 -0.653388782711 0.0146669544109 
0.325161698794 0.903650667826 -0.257219864151 -0.107346549367 0.000902099382952 -0.114842434502 0.418476288218 
0.932655126315 0.357110742708 0.00881073469325 -0.050484688313 0.301671775817 -0.593491317971 0.423678618143 
-0.412891285481 0.44239595877 -0.276590538899 0.746528148049 -0.441994017095 -0.443483407617 0.621913320322 
-0.253946844193 -0.591928907886 0.762254906465 0.0640205115815 0.219265709762 -0.901973344214 0.234861276967 
-0.469548313385 -0.561169971634 0.673476708971 -0.105079811605 0.340296507832 -0.0691265222561 0.202713031813 
-0.264660242949 0.666860191662 -0.382317614589 -0.582310640598 -0.255249338172 -0.319963875473 0.0449027184562 
0.664231826555 -0.206899593574 -0.589912781296 -0.409867721629 -0.283339488154 -0.703794369157 -0.160534112282 
0.184667685212 0.750796305153 -0.551487712241 0.313151812152 0.400908345196 -0.341885484546 0.392852044081 
0.567732728589 -0.667304222322 0.451899821396 0.167842709651 0.0825592375752 -0.813205212824 0.0611425468352 
0.479957707603 0.552347149368 -0.423534132033 0.534015041455 0.564449030761 -0.587230087086 0.106590507735 
-0.0525283024512 0.0049474410682 0.898840082161 -0.435089424106 -0.204672265839 -0.675281041923 0.523098794884 
-0.23929042027 0.566475916485 -0.112083567976 0.780565439024 -0.263581280914 -0.369100009315 0.448760986522 
-0.288609770918 0.85399389928 -0.401169930101 -0.162669933628 0.431886908683 -0.409438722843 0.53650999016 
0.73775007381 -0.27238207739 0.604115682213 0.128751990334 0.0776193379361 -0.831600398672 0.050229290084 
0.743473042369 -0.222340993675 -0.568252097788 -0.273682062184 -0.481083820305 -0.439460565468 0.19056364817 
-0.491694446449 -0.245462098794 0.83298640962 -0.0641760919296 -0.0444977302201 -0.784677016629 -0.100760661476 
0.966631640356 0.076282596384 0.0741398447968 -0.233039740741 -0.351899819431 -0.814129312742 0.0841390466687 
0.803803276703 0.150249507824 0.569120167824 -0.086183596671 -0.0310597149493 -0.561228116978 -0.203990956555 
-0.0400699907886 0.832095358473 -0.493170208163 -0.250589018167 0.495164648528 -0.231249007444 0.290786149544 
0.0896342703034 -0.612084321681 0.714991348838 0.325738932009 0.475164105365 -0.263674689877 -0.313709655047 
0.663807181294 0.580854970556 -0.124982116577 0.454254333803 0.587810694694 -0.510806649703 0.0527941364029 
-0.204779797388 0.525605350237 0.128854092275 0.815598475531 -0.525499000729 -0.00973161288453 -0.0187770132492 
-0.233498844328 0.733645284043 0.306506127772 0.559729292191 -0.187524131937 0.0836958515548 0.178208656513 
0.691567669341 -0.582998417835 -0.132535663325 -0.405316298057 -0.353307938084 -0.430902714167 0.626977066354 
-0.21579902974 -0.503500235215 0.74269156616 -0.385133132119 -0.00181675136042 -0.823517323505 0.2601289463 
0.523886370545 0.837693575458 -0.145472236832 -0.051481770605 0.263087188041 -0.0815372473513 -0.430717028537 
0.642402590931 -0.237083828175 0.716747027357 -0.131847898573 0.174737720593 -0.615240789544 0.343510378881 
-0.290421910823 0.835977270554 -0.419358873028 0.202324621447 0.60928213743 -0.243895904985 0.102380098388 
-0.338368897955 0.0577654456443 0.891995212806 -0.294132933412 -0.110649024743 -0.73593567079 0.582298959324 
0.124647244348 0.684435055074 0.45561275851 -0.555363605349 -0.0343717452606 0.0640914904698 -0.176374878667 
0.369880211015 -0.360481519315 0.754732895469 0.404499641815 -0.180809613341 -0.223654394618 -0.387560210653 
0.715001025804 0.381395191852 0.513654009476 -0.281905656702 0.134881474188 -0.791516963411 -0.176595098439 
-0.34538609767 0.718778939935 0.288129677757 0.530138253513 -0.616136869655 -0.351927685031 0.263814460506 
0.849273649519 -0.428276962145 -0.0660556265809 0.30157878925 0.455638182111 -0.520789442441 -0.0597108687766 
0.635844774359 -0.178225053194 -0.644093116638 -0.38611048993 -0.401788170909 -0.650226911697 0.173005534753 
-0.492862918005 -0.0961192561269 0.525401298355 0.68687750607 -0.350782236034 -0.451442348923 0.353977959497 
0.255363828289 0.153029172786 -0.653196418515 0.696208177427 0.0619339432782 -0.624190327341 0.671079778964 
-0.127068864998 -0.0105348195116 0.827243524498 0.547184312917 -0.261743853891 -0.270620020626 -0.370326876248 
-0.217714394204 0.904597517556 -0.31113619619 -0.193644109668 -0.111307254045 -0.28965983731 -0.0593174168793 
-0.322401477302 0.643465878246 -0.455450697522 -0.523997722412 0.349573709794 -0.411016675015 -0.0416501199221 
-0.146493186666 -0.355026180427 0.808405548504 -0.446067961884 0.109704527664 -0.876554378757 0.202362425374 
-0.0123587345958 0.169142775791 -0.18544455592 0.967909241487 -0.188938849802 -0.495352329602 0.48282650955 
0.971764723597 0.119749152508 -0.195365217687 -0.0562662791106 0.0853993590485 -0.855442167946 -0.0374756582179 
0.693902659725 -0.00166021923976 0.193951605773 -0.693454480926 -0.116829592983 -0.653755205486 0.567602383753 
0.0881968456133 -0.206200874447 0.937956149122 0.264463188603 0.16815835237 -0.744093406729 0.319999920316 
0.549463836911 0.394230014988 -0.718847347522 0.161030053624 -0.208839742981 -0.758159364016 -0.0534407823811 
0.894088705723 -0.411091190765 -0.177509550894 -0.00998891961733 0.104958844608 -0.791874208671 0.541569007712 
0.914689916463 0.369328105359 0.00930582408592 -0.163867351693 -0.211405707847 -0.884462741358 0.0690021678295 
0.740190765196 0.140863878478 0.512128939265 -0.412309287339 -0.258227655545 -0.738868971278 -0.269045495027 
0.277046573848 0.0518920938317 0.890823798637 -0.356350061453 -0.383995501572 -0.841656471708 0.250597008833 
0.584671668904 0.464972812307 0.257629855333 0.612850863618 0.499391648904 0.00361316388883 -0.126038928442 
0.337904984116 0.222327895111 -0.380552131778 0.831607241289 0.357667120255 -0.15815875665 0.699714612115 
0.517321786068 0.0122409716933 -0.567623773648 -0.640337082997 -0.514089692615 -0.377751291649 -0.0273279575219 
0.635904056111 -0.275332445178 0.449071931286 -0.564050065672 0.179817979394 -0.44304478403 0.733147186913 
-0.0577725441436 0.0304062178559 -0.562335663567 0.824327845302 -0.0226092700261 -0.726168669878 0.495362105802 
-0.366876139232 0.73341654803 0.530784330173 0.21393938483 0.0768988923345 -0.525366616346 0.644774718215 
-0.117981884056 0.139955108473 -0.270584434799 0.945133274354 -0.254944826874 0.0397288218835 -0.151447422544 
0.677841691284 0.691383082434 -0.166756449523 -0.186312536951 -0.0103280736819 -0.641485673674 0.214720906951 
0.130098736634 -0.245239940841 0.226971774204 0.933496386633 0.0343993061213 -0.37698174897 -0.417970021515 
-0.263837830093 0.69159456509 -0.263982566676 0.618384800462 0.427602770401 0.0754473471638 0.0647344354704 
-0.0299903458307 0.948702267484 0.135773430915 -0.283954507423 0.214358960153 0.175807110695 0.155101807844 
0.563461155617 -0.552519955732 0.614084941715 0.0115286159911 0.219112371045 -0.817538120213 0.49428847412 
0.142827417754 0.932369020888 0.0129287160043 0.331845123405 0.23054550423 0.138343072604 -0.0129305927388 
0.606041215442 0.536361597319 -0.263563576245 0.524942400064 0.460190591827 -0.389388724078 0.0967017858739 
-0.166264999201 0.672910765912 -0.60264979584 -0.395424170651 0.355360475194 -0.7718588862 -0.0170000102251 
-0.498905212406 0.242947990494 -0.36937966751 0.745404939734 -0.239977979673 -0.591036113823 0.320142477666 
0.591399603372 0.590378600126 -0.302112727839 -0.458723791974 0.0860020083399 -0.855255538145 -0.152885278172 
-0.186849925937 -0.476437337334 0.717219474025 0.472959612282 0.0972523662179 -0.290363826904 -0.333488673214 
0.50410920884 -0.104365191998 -0.843278377796 -0.154477797121 -0.124058833357 -0.940714019082 0.185521033932 
0.12903771909 0.0683521201044 0.857368996315 0.493554109381 -0.484160859969 -0.568115088311 -0.199719573155 
0.517546324358 0.317069925202 0.687256238477 -0.399113176117 -0.546902291575 -0.339306100334 0.102622291356 
0.719270222946 0.560638315441 -0.364741072087 0.187880217095 0.0175349786636 -0.856486999878 0.0654583788703 
0.283487447146 -0.303590911063 0.904907662559 -0.0927876515067 -0.0475705100105 -0.74910123277 0.529709437394 
0.40998635125 -0.445181633472 0.743442422523 0.284636381021 0.0797884153118 -0.910835219452 0.0486255465268 
-0.170986409393 0.523335861891 0.440748721137 0.70895965208 -0.587846312397 -0.418944581305 0.0989232949571 
0.930041181839 0.0681152057313 -0.142629572313 0.331723565538 0.51149541523 -0.636869853412 0.421264998174 
-0.224687874563 0.205718645209 0.892982330175 -0.331327264247 -0.0922551149508 -0.411757123894 0.519517956289 
-0.196012747054 -0.243623683693 -0.52916147386 0.788805830556 0.0223888949998 0.0508300072967 -0.163628046771 
0.690907561415 -0.0138717404518 0.611027455286 -0.386134387596 -0.351525503505 -0.769440881327 -0.0235537836357 
0.75648041741 -0.0736003052088 0.0325674680121 -0.649045247403 -0.413621289541 -0.210154979383 0.235844504907 
0.53237555838 0.417338558619 -0.587475159417 -0.444159576501 -0.277459292642 -0.758929866667 -0.217823884157 
-0.250153076857 -0.451689010233 -0.216796218922 0.828492532033 -0.463202853465 -0.272432077766 -0.303245814015 
0.504252383756 0.204044869096 0.0639895373667 -0.836660363577 -0.442716526111 -0.617708814306 0.289364777816 
-0.147516268735 0.72824886255 -0.612284267112 -0.270186085689 0.378062208829 -0.713327766066 0.259757840798 
0.031206802919 -0.307285383853 0.928646190713 0.205470389099 0.281327303937 -0.602085942931 0.143075487222 
-0.297965117911 0.712394227617 0.632423457533 -0.0612521291785 0.0609510968609 -0.0276706111798 0.399497684398 
-0.276574381038 -0.573285378605 0.461088789471 0.618261768715 0.392236817586 -0.534761478707 0.185173515438 
0.738841350074 -0.332088031873 0.556435693943 -0.184960311999 -0.311285059421 -0.695977346187 0.412507067934 
0.599238021283 0.0887413004707 -0.589936534029 -0.533866707388 -0.147106483944 -0.927662703977 0.0527868456096 
0.13770802511 0.524660405093 0.832339835054 0.113922597099 -0.0113059323741 0.0560667571143 0.274793847959 
0.0285386498565 0.858213631868 0.0258908091599 -0.511844286421 -0.190754561825 -0.364717997458 -0.141122110946 
-0.0661503267417 -0.520692387302 0.793511878846 0.307965047056 0.235739388545 -0.600393578509 -0.185604055633 
0.688649631299 -0.662929615353 0.236369809726 -0.174399895214 -0.184129391564 -0.767913120291 0.323708416687 
0.780349584968 -0.377118921934 0.446888188307 -0.221645643114 -0.151027470109 -0.731091150542 0.280393123365 
-0.407416226936 0.511318173274 0.338024561896 0.676982377366 -0.0720435888814 -0.535196807765 -0.116310482557 
0.510914610584 -0.712319570542 0.480867139537 -0.0182724992288 -0.0425998035826 -0.659654933155 0.606450262888 
0.491262760598 -0.148886900091 0.797000619933 0.31825084895 0.261835729124 -0.340921155792 -0.312952876258 
0.888075827287 -0.130202304432 0.0787101978045 -0.433789568422 -0.133064059856 -0.929029573811 0.184134738278 
0.657932847705 -0.146808761647 -0.738217481699 -0.0246273248389 0.237630178557 -0.761204162235 0.433417057185 
-0.339320678248 0.852229071725 -0.395948703799 -0.0423286023771 0.392851740426 -0.550194002985 0.487635155939 
-0.374944941518 -0.162494330989 0.822829635437 0.394921858439 0.213618982956 -0.822672937371 0.29447456157 
0.804015331151 0.394447518029 -0.426774925426 -0.125831895091 0.137783955027 -0.613674680606 0.227436278104 
0.0534387630822 0.468829623297 -0.54668179671 0.691724002811 -0.236578558505 0.0145142617625 0.0486257237905 
0.879252997511 0.067111880785 -0.238409356183 -0.406904338525 -0.093419049786 -0.861209077537 0.234652079659 
0.12225132207 -0.0627934402314 -0.616110177263 0.775577106153 -0.292294488278 -0.134653038551 0.678399605883 
-0.48021937621 -0.543190184589 0.282100450303 0.628293808674 0.315454523826 -0.266611710268 -0.372816344895 
0.58508192872 0.40288590434 -0.0998322755514 -0.696703381309 -0.130092078553 -0.648854252277 0.286342328998 
-0.378932804847 0.445626768019 -0.251030251783 0.771239603317 -0.0790709014555 -0.631625517695 0.339041075699 
-0.0237653216796 0.890985722577 -0.172510685728 0.419308615411 0.0955609540717 -0.305915110321 0.407817433909 
0.615515533173 -0.417298832576 0.43765760444 -0.505428663641 0.382402588714 -0.406425509883 0.158803508931 
0.946836077582 0.116072748465 -0.157640962851 -0.255299600637 -0.298535590259 -0.717989642975 0.0425566122095 
0.577735409048 0.790062135756 0.00497158475507 -0.204936336753 0.0241267097949 -0.393502867199 -0.412061430037 
0.29001196872 0.275448194639 0.672236627785 -0.622992188019 -0.243076531087 -0.590423499253 -0.020732027989 
0.72232753937 0.255519825876 0.470058596947 -0.438175147501 -0.112374626946 -0.91594685674 0.092009218832 
