0.51724712325 -0.5772496967 -0.621872776829 0.11185906574 0.395454066327 0.408667095421 -0.382061234406 
-0.0264109373161 0.749808009243 0.543034230448 -0.377099769593 0.215723590972 0.517879757784 0.122496441183 
0.850818813922 -0.334119501527 -0.401311649031 0.0584847409849 -0.216349750279 0.809634103344 -0.100114013861 
0.157305776506 0.45316392587 0.852056632083 0.20951573853 0.19029110926 0.60424374536 0.397976692037 
0.899530561958 0.034448494505 -0.36654670061 0.235162891634 -0.460359599348 0.558157281225 0.269697812828 
-0.261810757895 -0.574155086669 0.652072198686 -0.42024149153 -0.213765048612 0.567045263061 0.342292492078 
0.580519619417 0.483395078919 0.562976448465 0.335236763531 0.0551568980215 0.646365640187 0.277227261473 
0.89536452053 -0.0218504869269 0.288798790354 0.338290097826 0.0853767652919 0.696451862174 0.563928642552 
-0.459306256104 -0.519563589977 0.659268475237 -0.290614033785 0.0244782044928 0.061980730246 0.158862696542 
0.424131570024 -0.416381670665 0.561531118105 0.575692208601 -0.161159401243 0.727096558059 -0.0608583614139 
-0.300532571265 0.16964472418 -0.219431053392 0.912551836322 -0.384535269627 0.338471668266 -0.11739426199 
0.257567097077 0.592435030254 0.620927111167 0.443992621614 0.525260125674 0.345804512274 0.0844048545532 
0.244472976162 0.951355120647 0.109662791143 0.152087049364 0.338723895306 0.42105687362 0.355595263611 
0.662277149888 -0.257033772205 -0.57912713245 0.399917968016 -0.00373182200309 0.613672880945 -0.391185737743 
0.546849054252 0.701141422276 -0.181879431604 0.419853176946 0.266685977447 -0.0577867245514 0.488347617024 
0.013755602769 -0.126649865601 0.0489144585278 0.990645229475 -0.151153201146 0.338950976846 0.490652869256 
-0.388806809142 0.810665939248 0.436881709744 -0.0280066384941 0.48218640121 -0.0903239429119 0.0692091324186 
0.354524877599 0.628555928954 0.648474108741 0.24230329266 -0.197907473361 0.347106202954 0.51288281161 
0.778248576807 0.568253255819 -0.257724425326 -0.0706789257098 0.181934877156 0.621129399996 0.613708219184 
0.749672185035 -0.634499272425 -0.188016507868 0.00721671990497 -0.0434386705938 0.552237060411 -0.135254556133 
0.96037526808 -0.0162968360965 0.233352416387 0.151526919591 -0.138920049608 0.691820271454 -0.0359630216053 
0.839311342546 -0.465399172603 -0.27764846126 -0.0432598240252 0.561566471794 0.413803035753 -0.17723295962 
0.517570951308 0.0930323254126 0.673830293355 0.519054941743 -0.110682242492 0.631654922019 0.538600588367 
0.158017564362 -0.421233870824 0.241136968265 0.859910133653 -0.354104400082 0.104870491947 0.0971667980074 
0.553411099844 -0.453354065057 -0.609063416498 -0.342414954332 0.343923795635 0.577371718362 0.59018657194 
0.537478480426 -0.706229619973 0.460717291034 -0.00980737955627 0.147458274585 0.180523807195 -0.46685658122 
-0.348213176841 0.924443545164 0.154728223137 0.0145221294139 0.29906410244 0.259559962476 -0.146770101839 
0.603016459479 0.545384405534 0.474093775872 0.337878811819 -0.0513948664475 0.123431138409 -0.00830483088429 
0.419741630294 0.719408110194 0.552361930164 0.0341355077591 0.164030640583 0.890394419261 0.229791693026 
-0.283811483802 0.431112114568 0.832930104683 0.199551564883 -0.175743863036 0.684956457403 0.203758942754 
-0.0720836390904 0.630803503818 0.495855942771 0.592467528701 0.198587397678 0.375780643886 0.542292154238 
-0.315545496597 0.376001020733 0.871033254356 -0.0188505116993 -0.223748099243 0.845775017956 0.328199805389 
0.751260787767 0.198297842968 0.173073413526 0.605252664404 -0.106347752673 0.670068647891 0.082267670626 
0.46134269186 0.859071281416 -0.00984987027853 0.22150041573 -0.299368910179 0.591214566901 0.493073914638 
0.371442355503 -0.289091324979 -0.563703859015 0.678744975445 0.114306134108 0.748169521437 -0.214393014394 
-0.340701307123 0.309601065484 0.699955195311 -0.54601513178 -0.0706203443335 0.461926513204 -0.437529149214 
0.506282692391 0.230967503087 0.750806659622 0.355838738436 -0.174849413228 0.574054496577 0.464528297734 
0.292105380115 -0.153534545135 0.915660188014 0.229495120742 -0.347609961132 0.396336375876 0.167470915907 
0.539339217802 -0.161327428198 -0.733993119318 -0.379922057593 0.486292393017 0.480022589245 0.377511721327 
0.718919259614 0.676330341222 0.0227764058506 0.158787918417 0.0137630517886 0.838347910693 0.334988576197 
-0.445701847635 0.433158983397 0.585241798927 -0.520783251369 0.0537573542199 0.604887331339 -0.019486443335 
0.464830947955 -0.178279664165 -0.411827910075 0.763247223154 -0.12943596369 0.436505384237 -0.454504541005 
0.663829039165 0.000213116734625 0.378540242393 0.645010268315 -0.00413494115583 0.681957979594 0.536024532121 
-0.398410919542 0.106015719718 -0.351950330014 0.840333488304 -0.344558053591 0.321304463435 -0.295975632684 
-0.293349166892 0.856080309725 0.423684343754 -0.0395518197241 0.478715820346 0.611059965077 -0.137264389467 
-0.102313066552 0.992129780678 0.0252028935214 0.0676413251157 0.106593964508 0.0705120266916 -0.369275768203 
0.516081011962 0.199456832628 -0.49072501527 0.673102013367 -0.125561027042 0.701803236987 -0.120029849525 
0.752859765115 0.648980765141 -0.107815805412 -0.0200472604689 0.416025521931 0.155292064918 0.530504068232 
0.545443460336 -0.0917550220874 -0.814580420767 -0.174731753271 0.340991884674 0.39698784729 0.57590163442 
0.423745753717 0.511394925455 -0.290818671603 0.688722924456 -0.419347707688 0.658954973086 0.167753370735 
0.762965551984 0.365564191316 -0.483809856347 0.223996454024 -0.0374840622589 0.831319068256 0.526051562242 
0.159062303509 0.972028391694 0.102242537396 0.139307045374 0.298556860637 0.413976987178 0.417284402261 
0.83096105446 -0.415749920601 0.357342739314 0.0946672918748 0.167423333489 0.681843883886 -0.144959852797 
0.876348962586 -0.244270383359 -0.146002010612 0.388623067362 -0.531986528809 0.605163777194 0.125591503716 
0.176459110198 0.606346888803 -0.269434308646 0.727056246924 0.0387669044653 0.144247215265 0.505529263971 
-0.44497207785 0.490439089547 0.575441964217 -0.479933219517 -0.269318664946 0.614868195318 -0.331302875015 
0.284997008789 0.354381807233 0.237176682213 0.858450616575 -0.203156188043 0.5401352644 0.397739367508 
-0.0173877324839 0.600982097665 0.0987891250915 0.792943184477 0.47982610634 0.0450617040469 0.436340256419 
0.523380298001 -0.744487641145 0.157499533788 -0.383412457679 0.27376120902 0.0791018945441 -0.124587028878 
0.418371497914 0.829193041094 0.0999760241295 0.35694395209 -0.237753946551 0.332241138799 0.43030287777 
0.585431950842 -0.584080365317 -0.2886056764 -0.482520798862 0.117547936117 0.691492334985 0.256110860704 
-0.113072958357 -0.219522327686 0.498855294141 0.83076341352 -0.167786772445 0.242091380442 -0.092048141608 
0.137358928138 0.214203959486 0.9349923357 0.247059751443 -0.188703786956 0.856391104011 -0.0585302504937 
0.452516284397 0.218513243412 0.0804124824094 0.860822169488 -0.304924817317 0.629966735868 0.116559811837 
0.671144604214 -0.704895123492 -0.00682247998082 0.229436786236 0.246028059166 0.262811786672 -0.476687551921 
0.149963828967 0.274944540609 0.865723170774 0.390435322654 0.171278975006 0.721646938925 0.213617580307 
0.77025293641 0.628440003124 -0.101325273022 0.0388170770716 0.226732188409 0.736677748602 0.530996347012 
-0.123181387236 -0.421516843863 -0.52905591645 0.726119641277 -0.133214575549 0.550312523522 -0.142565817329 
0.660129791625 0.399773167901 -0.610268838703 0.178835166965 0.0209253097434 0.63161739399 0.679362565393 
0.802771153163 -0.585942342243 0.109543927111 -0.0151715275835 0.164636005586 0.803215301994 -0.00492391861278 
0.145132234984 0.325166497103 -0.583083788853 0.73021687101 -0.533823961226 0.507104839993 -0.0818938426673 
0.165876584592 0.121039193016 -0.691266204333 0.692809863661 -0.100653909637 0.674525028952 0.146779177187 
0.572210979144 0.803635192908 0.0319783474375 0.160382222708 -0.0455621786068 0.613620693157 0.666202277786 
0.746317710127 -0.135810523883 -0.140072972554 0.636352841994 -0.514299280782 0.610015880828 0.0946485318467 
0.0257646267237 -0.0114647617351 -0.7023917829 0.71123169682 -0.22897766044 0.54567090266 -0.368963301523 
0.297302071385 0.705015836054 0.642256824926 0.0455007703165 -0.216485848168 0.611667586076 0.313119764624 
-0.111400641816 0.306029899806 0.932038436428 -0.158870860921 -0.123798509246 0.515134516807 0.422799582939 
0.102017412123 0.435374414026 -0.202373267395 0.871255776382 -0.534259311257 0.217206265877 -0.0912566803093 
0.632757421558 0.171296445098 0.178603193748 0.733741420763 -0.381824860025 0.211218243117 0.465444541196 
0.00665938665811 0.236129000275 0.922956443628 0.303891676365 0.0944356299727 0.542611811052 0.425389397822 
0.347812235671 0.521449272874 0.238528850952 0.741769028607 -0.119761245493 0.602946846757 0.321745010483 
0.394310038912 0.720663877444 0.489829892127 0.291941510819 -0.218295536854 0.333292475752 0.717348631727 
-0.161092101256 0.964545399327 0.152126798524 0.143383906773 0.409087763328 0.0863390513918 0.0335626733558 
0.729049991336 -0.197032435394 -0.116163243215 0.645112726941 -0.513944341262 0.291544333069 0.241526170755 
-0.263797343751 0.692484301083 0.66501547684 -0.0929024743828 0.158372366533 0.863763611064 0.16936497541 
0.804076014441 -0.196459766914 -0.430454788446 0.359963884422 -0.000177400981545 0.888358357472 0.339194265807 
0.946351611268 -0.260184261956 -0.168363206449 0.0915238132668 0.51187246312 0.292990448584 0.127988320907 
0.632668593751 -0.208554662563 -0.39741851882 0.631105319343 -0.10209880241 0.662110565173 0.100630900038 
0.611912234873 -0.104565268526 -0.766563023296 0.164349179329 -0.462532372395 0.38647496302 0.0191632575438 
0.701881812526 0.65639508789 0.245083186101 0.12822496531 0.589185588456 0.176306735245 0.300014182567 
0.673080407553 0.481781631097 0.0781358397788 0.555647384091 -0.18780207265 0.526483989398 0.769092825677 
-0.15595930218 0.956322244249 -0.192625323553 0.154983695734 0.289818655824 -0.0337343851889 0.0173431156474 
0.682646413353 -0.33231624827 0.0109050671037 0.650723339818 -0.219208605379 0.662562786356 -0.0930500607669 
0.505740875826 -0.709251778041 0.145388800858 0.46909506334 -0.170036360311 0.200453262575 -0.467895393133 
-0.0846261801258 0.17657633579 0.822159910547 0.534520615847 0.143881186358 0.818344281125 0.208093661001 
0.227018344617 -0.165746480964 -0.448816527153 0.848265583535 -0.447881143568 0.374638733913 -0.348971785423 
0.504748717934 0.812001835595 0.206694037574 0.207748226386 0.195866305887 0.290981470724 0.739069310697 
0.698495827933 0.631960253496 0.302783258449 0.145093469062 0.454698668932 0.731797200833 0.273265732485 
0.676591144107 -0.0866259458734 -0.612833331788 0.398943199801 0.0574222132824 0.510893683234 -0.298363642955 
-0.0578978924779 0.420785442892 -0.0998744230583 0.899784721317 0.273823888122 -0.0209691409349 0.55419241166 
0.11406508858 0.863053906592 -0.480824221202 0.104571402344 0.103595490453 -0.049679582243 -0.194568616971 
-0.250638936426 0.0441203164888 0.951212750402 0.174435732269 0.0183787119066 0.813852963362 0.0579107349295 
-0.327563865981 0.258769661711 0.586960374993 0.693698561387 0.293744809065 0.611187194825 0.607771674598 
0.728155863282 -0.12918660293 -0.515855935953 -0.432426310177 0.0109946169282 0.592983924364 0.68934436493 
-0.377101328699 0.531389184254 0.510018787002 0.561516660177 -0.109098226539 0.497231795176 0.159732139289 
-0.0212387956988 0.570523420061 0.0562154425616 0.819079828062 0.419140043685 0.261982362595 0.366855527484 
0.318797035954 0.212412084186 -0.592894634553 0.708325849223 -0.0759501854182 0.749494708557 -0.14808168498 
-0.282978017575 0.821992681856 -0.339376038565 -0.359270618047 0.231289982937 0.233501506211 -0.105106315187 
0.245671245569 0.269519646942 0.88837752304 0.278908901919 0.0612921952573 0.814089439706 0.239211464924 
0.508149649693 0.458386296007 -0.636389238449 0.355913858027 -0.152237904165 0.525852884743 0.462764141206 
-0.404568770808 0.399284895912 0.822474674469 0.0207627416707 0.0290327137489 0.811111978124 0.111392304631 
-0.386046800122 0.738236519391 0.548401214536 -0.0723243904191 0.398153468502 0.412533255991 0.521213759101 
-0.279592304556 0.247878448361 0.609857425847 0.69889794549 0.173062430225 0.155649290557 0.793085637405 
-0.461743589805 -0.297262183882 0.606088369481 -0.575399808557 -0.0629328880475 0.629223279324 0.51668175948 
0.184940670247 0.715669686148 0.514494902838 -0.434636450118 0.300526799416 0.574136159801 -0.0593710400594 
0.697482780296 0.581696004772 0.416415963739 0.041776481021 0.298703300763 0.690508345598 0.192892006504 
0.799490984109 -0.0163754469484 0.582689050385 0.144980969878 -0.00632700334453 0.72412388223 0.0294935417062 
-0.111402683305 0.857602032394 0.291619704054 -0.408737255939 -0.133952608124 0.57496534607 -0.138870403658 
0.806306490035 0.441805629313 0.335613676449 0.205039240671 -0.0940394078734 0.86490344566 0.00160109563214 
0.624918903961 -0.276884619873 -0.723870652603 0.0939284251417 -0.334182336754 0.567834502641 -0.137698349768 
0.495942866861 -0.163479740885 -0.481282137409 0.70404726499 -0.517133380711 0.156926987536 0.134616764577 
0.831486721772 -0.42928139251 -0.170001118802 0.308944877231 0.224987125662 0.623428599715 0.181512691892 
-0.449592640514 -0.435947064984 0.779307949004 0.0222651015677 0.12472568119 0.296267923459 0.633642983875 
0.509964942383 0.541368412968 -0.398305217392 0.536850959559 -0.462282399705 0.506176011309 0.360329790801 
0.780542492375 -0.119994516589 -0.170380232153 0.589343117442 -0.207174953078 0.857487100346 -0.0229970970535 
0.0365548532663 -0.282321076987 -0.489712174965 0.8240998349 0.103359576248 0.5147425219 -0.42561955772 
0.17031095302 0.920564248113 -0.00564488561245 -0.351459499293 0.231107223976 -0.0401571697762 0.0142568283513 
0.557071915166 -0.0501057200963 0.391293055176 0.730787276243 -0.136218711364 0.326830103415 -0.203905366678 
0.621907263094 0.627254564515 -0.342500099656 0.320119898072 -0.161002113801 0.812438046387 0.216129517144 
-0.285504441306 0.731210099553 -0.0800618861075 0.614336307489 0.234596244317 -0.170029188267 0.127421682553 
-0.117094969964 0.583023547978 0.71157873811 -0.374203166719 -0.0408229631448 0.817505065149 -0.232284678227 
-0.355009702911 0.646227744224 0.665223220138 0.117626021031 0.36856682473 0.823098487925 0.286365977109 
0.692096334995 0.108977099555 -0.206241820068 0.683074641978 -0.213679540477 0.836873547871 0.117364687861 
0.885551596059 0.0587260307887 -0.459433820132 -0.035639710206 -0.00699602381133 0.555022141107 0.613342416643 
-0.284930381632 0.585020217001 0.642489389568 -0.404689272919 0.529058265995 0.441129538304 0.216179099216 
0.827287716703 -0.297553360848 -0.475688775488 0.0278786677537 0.303838393114 0.509263747577 -0.165061451794 
0.616802975363 -0.337763789603 -0.510819443015 -0.494502991552 0.220827566566 0.564550725136 0.377736922523 
0.765065393709 0.305251803206 -0.563895563798 -0.0593133468689 0.306471224332 0.794717062486 0.307849899299 
0.959485347947 0.270591961561 -0.0267675964197 0.0738332797248 0.453750524975 0.468101236756 0.583797624865 
0.433477513222 -0.297182846089 0.678825365028 0.512811588516 -0.287861852452 0.769773945412 0.0428698227848 
-0.476091823354 -0.214429669127 0.849260345361 -0.0781879692226 -0.55786844067 0.609131657642 0.128553626303 
-0.238174224066 0.0426575922758 0.900178876974 -0.362120640481 0.0341509204937 0.636086772256 0.496214830915 
-0.0910223150504 0.753133608954 0.26919382151 0.593329075377 0.187851985569 -0.0462153888181 0.317748166298 
-0.122921145374 0.21307521081 0.90697167308 0.341894326933 -0.0751413179985 0.751933232984 0.437920387875 
0.213606826212 0.791931206705 0.491546742844 0.292572875097 -0.153442969446 0.51375765614 0.36843265394 
0.181589162514 0.844561104903 0.397456829409 -0.309467259817 0.300537769701 0.372215698733 0.214842357523 
-0.49485772026 -0.20494791726 0.837011715796 -0.111908782181 0.0620903239505 0.688957367202 0.581184329615 
0.611131308134 0.283928751437 0.738561354662 0.0207391833328 0.0680356018245 0.880728470478 -0.0190800195014 
0.0897691335445 -0.561639506785 0.680279890881 0.462300591762 -0.458326255197 0.224087051677 -0.0855716680732 
0.153496180715 0.662927650347 0.605608098031 0.412558704321 0.44893292824 0.438804203403 -0.04625268892 
0.407640170086 0.606537186104 0.563268929753 0.385577808465 0.250207301823 0.658126345728 0.446466460546 
0.614537550828 0.683747056936 -0.343739803259 0.19151111824 -0.0432207301942 0.796305020006 0.333376944136 
0.163435667394 0.898985343479 0.176927545877 -0.365801555962 0.349353695371 0.347740527954 -0.0219842107631 
0.431998425884 -0.0392971243788 -0.387239017038 0.813559487519 0.253023855143 0.442919305975 -0.242769119748 
0.439579289279 -0.150421492247 -0.397973065527 0.791050480198 -0.190332411241 0.820575695555 -0.0626233116911 
0.878623881876 -0.398711950943 0.223007187767 -0.138984346518 0.176505268971 0.522573783888 -0.338204966332 
0.518237620974 0.840852883549 0.0383680897548 0.151407021382 0.00464802035941 0.391414438986 0.716878898838 
0.694959113566 -0.0454720251897 -0.669621683876 0.258013421899 -0.297119844359 0.594104233684 0.0587928100625 
0.288015160554 0.867981509022 -0.165387909805 0.369191287245 -0.413873402899 0.511763323978 0.433327521194 
0.79971380158 -0.343219870465 -0.406989379445 0.277520451678 -0.456060318714 0.632066832188 0.0798676423319 
0.168387604198 0.786267290439 0.474336324011 -0.358377474824 0.185445256902 0.590388472472 0.238444628854 
0.524500359757 -0.719596112055 -0.214332913719 -0.401425223705 0.300300548694 0.711224996453 0.262799378491 
0.436766100661 -0.333616344905 -0.350395702374 0.758391956368 -0.504630893998 0.211410796431 -0.193956162397 
0.410625140224 0.365886450465 0.714612956707 -0.432252728954 0.146708298612 0.875271547377 0.0735502383819 
0.778272823331 0.405217384187 0.442433613699 0.185318054936 0.312442370076 0.621288780349 0.469722324803 
0.179198539415 -0.313511233412 0.904915962745 0.225223645217 -0.287056869582 0.618576778748 -0.266435441583 
-0.428383130248 0.619532320204 -0.475445816753 -0.454553487802 -0.299647114097 0.286920010857 -0.145481419408 
0.929742117805 0.252628424664 -0.0984859505836 0.249116420514 0.0569128900482 0.947190630646 0.175844546049 
0.279962261887 -0.303782083074 0.790742678041 0.45173398704 -0.475010833552 0.206450538897 -0.145414449612 
-0.368013850179 0.368548544483 0.844424638844 -0.125238994523 0.0772213971504 0.673113915605 0.0591366052604 
0.364863821651 0.714503292462 -0.199526376257 0.562626574105 -0.260063181086 0.466031175806 0.505872831782 
0.665906211912 -0.107692895065 -0.136518987314 0.725488610105 -0.399435797864 0.615012118046 0.0797184929158 
0.551021102094 -0.0300859701189 -0.342836601415 0.76021947106 0.0946800057356 0.477282795626 -0.359091634578 
0.904845234196 0.265591603512 -0.319905655711 0.0915236239445 -0.0976254931725 0.626990519079 0.660686653341 
0.257420138359 -0.591430730705 -0.173404864691 0.744228000042 -0.54927862399 0.308727281278 0.106023893878 
0.382575023996 0.666855191159 0.62360063791 0.141643035256 -0.237845265087 0.614477366138 0.415320134408 
0.802420844843 0.0396780846321 -0.524812280188 0.281280123586 -0.0701322031549 0.802880390177 0.227618205177 
0.804294501484 -0.260704892972 0.518650189418 0.12706413609 0.197812815667 0.69915645668 -0.190507160771 
0.281077791232 -0.167860572475 0.84735074698 0.418108616363 -0.303656393883 0.831044397636 0.00720332233222 
0.972854526129 -0.115627330877 -0.145633831088 0.13775042137 0.00520251889371 0.749073993296 0.214758032032 
0.737238448323 -0.00778471973564 0.52127788775 0.429753687821 0.333206688414 0.571776387366 0.257026798753 
0.15416644871 0.469630331629 0.769783030006 -0.403873921443 -0.157537980329 0.550620240348 0.180734503394 
0.619002703924 0.346763134272 -0.686777911173 -0.157883127562 0.239743081075 0.533230725799 0.691661663142 
0.302032228929 -0.0112683056995 -0.633700992807 0.712090310067 -0.368503989395 0.737590277058 0.237626759337 
0.868021705556 0.394459155409 -0.1842549672 0.238726622854 -0.0239397314254 0.488361956142 0.713410307171 
0.0612975716666 0.557602990606 0.821236102037 -0.104368468831 0.248179909939 0.774260497714 0.461250402085 
0.577599713579 0.31697451937 0.667671865552 -0.346583330375 -0.0704413867739 0.519433891496 -0.391856969111 
0.178649485223 0.286535218816 0.871175047363 0.356421052491 -0.250264748059 0.537028789513 0.0185231957573 
0.26558049283 0.143240883882 0.896281683072 0.325004916274 0.0332994742222 0.797700893257 0.0348241663115 
0.231615425821 0.919834758807 0.308496052572 0.0713336986284 0.337659969303 0.335261604398 0.496624460522 
0.240093030163 0.481730463954 0.78353677913 0.310421024925 0.339099099974 0.664929489047 0.322727618077 
-0.210704056899 0.755071697335 0.286101144119 -0.551014217261 0.0918560931839 0.599158658191 0.0475277003117 
0.69668818314 -0.460724518704 -0.355559216198 -0.419447418772 0.189586157754 0.682474366981 0.124448544895 
0.948745670094 -0.175976608442 0.171680175046 0.198594572573 0.200928902179 0.840773090372 0.319634767616 
0.71934125544 -0.58476803577 -0.157018580222 0.340499145415 -0.196244422709 0.681216116416 -0.176889344369 
0.0171021842373 0.402331877919 0.802944494792 0.439450467731 0.135753385312 0.887194420709 0.347486519099 
0.502167464737 -0.114235474598 -0.0565377006523 0.855325424682 -0.183104776316 0.658926027253 -0.0905177705953 
0.189338394033 0.525916555264 0.651055628572 -0.513506882085 0.299862292097 0.155012050052 -0.403673114158 
-0.405132077311 0.272707393133 0.836700272824 -0.247853446862 0.133995654751 0.908834350654 0.296692417274 
0.887950227903 0.0952129767513 0.437393889395 0.105666775033 0.0552973137527 0.942196149646 0.13835578977 
0.499504189644 0.183864762554 0.179122351055 0.827408301246 -0.279630297861 0.560282710428 0.231383281566 
0.250406969255 0.145346146612 0.741963516265 0.604699088759 0.0991941469633 0.671160100972 0.68890670576 
-0.00556132018753 0.937874144275 0.0195767543132 0.346378278632 0.0932502793761 0.503553148847 0.395580693912 
0.620460233869 -0.509889475477 -0.566845925715 -0.18365053086 0.294178393434 0.848018114808 0.282978645877 
-0.340427802813 0.545278023383 -0.098519960424 0.759654267206 0.184295621951 -0.192756872422 0.336508774455 
0.348837563907 0.666635612177 0.145874855587 0.642362702134 -0.131992364536 0.298444609477 0.604514376805 
-0.159992736486 -0.082147154792 0.723322249758 -0.66667765242 -0.104968647213 0.830972842377 0.155950716884 
0.839492675893 -0.126493213681 0.217444170649 0.481632169467 -0.243114649425 0.899335242379 0.24640471919 
0.727055174385 0.52759086002 -0.292205997362 0.328107166835 -0.329172594725 0.74405907999 0.294432582154 
-0.200982811985 -0.446022660302 0.844632802989 0.217405436679 -0.0882366808887 0.144762942699 0.734300455638 
-0.0182692185748 0.325830098508 0.836356167307 0.440464917975 0.103313211434 0.463447687429 0.582136866728 
0.434098228666 0.826519530609 0.298917151876 -0.1976682314 0.464016555756 0.220425474098 0.230177441776 
0.349633636845 0.843777456361 -0.216331713524 -0.344958713252 0.379377317528 -0.11154315855 0.524051209163 
0.639262732974 -0.206943021032 -0.641778204645 -0.369646426087 -0.0214726934767 0.652040531916 0.21215785374 
0.712212702746 0.69958769411 0.0414775962326 0.0401214818688 0.00428902711331 0.585578112735 0.179361099314 
-0.373606792105 -0.184594621246 0.906048957567 -0.0736075892226 -0.0568359810343 0.746288349315 0.395277979485 
0.0465136809398 0.401623104538 0.913823626792 0.0382326889297 0.124737374184 0.552579472138 0.677670843401 
0.793792764583 0.0999328941433 -0.247505014178 0.546486716692 -0.36711534035 0.737807790092 -0.141275281417 
0.755371848142 -0.360652531885 -0.00713028407664 0.547076120232 -0.253815794951 0.865565794843 -0.0475211225212 
0.411314690888 0.865572198073 -0.226519601344 -0.174051329179 0.365195977934 0.160635729619 0.571427852384 
-0.457129579034 0.311894370367 0.567673002779 0.609509484439 0.248338089203 0.60594515589 0.548302739778 
0.575737853511 0.250222175982 0.667607696421 0.400268347938 0.110345423425 0.836647759146 0.531228329281 
0.0577339800505 0.523732706031 -0.382949844488 0.758762319035 -0.223143116702 0.435217698497 0.176390388567 
0.719500107222 0.327717078116 -0.574399411387 -0.212100043888 0.128116107019 0.423139031112 0.756510796305 
0.168988604431 0.676734724812 0.716236298166 0.0218753056107 0.216770342816 0.690613434136 0.123897088109 
0.346826918758 0.805680700484 -0.260727713222 0.403250240981 0.00746084138103 0.503625254107 0.606205445755 
0.685125930588 0.58193297862 0.425722362733 -0.103522642446 0.654044546006 0.391103620552 0.103141767195 
0.577802693544 -0.6948505232 0.382763440823 0.191882636295 0.303023806085 0.462076549118 -0.185730973195 
0.362181967043 -0.000632368418781 0.285206435815 0.887401325122 -0.233059553207 0.0323383636695 0.516224304291 
0.830815280885 -0.432991523153 -0.130965127211 0.324210495481 -0.175932592184 0.873247817254 -0.0588748826383 
0.679093909956 0.543582397856 -0.466920935436 0.159168081768 -0.261467962461 0.148667283225 0.494108049075 
0.173239400382 -0.168050340195 -0.577234793633 0.780094344509 -0.338112424797 0.427944545839 0.0164597346447 
0.922992262996 -0.339199725978 -0.154234657273 0.0961275134501 -0.0409179683833 0.759769744051 0.432960753783 
0.939664563476 0.0161807520422 0.0584266203071 -0.336682374726 0.535758944903 0.0842651998448 0.320407235864 
0.540881132917 0.415712508786 0.717603071132 -0.140273099331 0.317760303184 0.683424938392 0.232109230211 
0.0329515098162 0.43110081074 0.729536677972 -0.529945775031 -0.049240888446 0.483680273233 -0.381233123038 
0.672690982395 0.225280938996 0.573223629082 0.410060985455 -0.151758018744 0.684382024539 0.32912581126 
0.79058338375 0.528896248403 0.241045056345 -0.192727664272 0.49847239365 0.274682561855 -0.146057022001 
-0.327730797275 0.277457921971 0.886489079426 -0.172472427104 0.158387347478 0.93566813446 0.137570551588 
0.391027116803 0.129652363988 0.142929695527 0.899921752473 -0.322631588674 0.473802928511 0.262836863238 
0.655655050887 0.110157733541 0.519408579224 -0.536839320296 0.449785584089 0.375056683569 -0.349952364136 
-0.376471979053 0.763559710979 0.281227076397 0.442895866157 0.391370963517 0.484023404265 0.21424609773 
0.943317584408 -0.137289900366 0.296317768536 -0.0591540214491 0.224920682169 0.589682395419 -0.151675780108 
0.715137036613 -0.117519150208 -0.329138152479 0.605339858907 -0.309913443747 0.731714410773 -0.0241602557785 
0.527611401552 0.679641919196 0.469473429073 0.198261872329 0.24999231367 0.568241551422 -0.0997679971502 
0.787446142001 -0.277079619195 -0.486018544096 0.258730425095 0.00845412074926 0.552271980286 -0.214394991056 
0.48842051095 0.402355669706 0.530615301819 0.5639172998 -0.237524597904 0.691452574769 0.233858662261 
0.296919888947 0.747057045077 0.293343163827 0.517391669033 0.158713668157 0.720933789942 0.382966461298 
0.55293599253 -0.389120467468 0.608116978884 0.415981718295 -0.409837148617 0.551646235948 -0.254783098772 
-0.401575026207 0.359699807782 0.841882103625 -0.0242501588581 -0.0405321614824 0.402621793311 -0.368547454003 
0.114516077892 0.605875604765 0.765665054041 -0.183188003088 0.0443792847864 0.908232828489 0.152636344089 
0.0944876527707 -0.327954907255 -0.590489531143 0.731327406769 -0.372300485863 0.682189884619 -0.180635390692 
-0.297457513388 0.707211522102 0.552523550059 -0.325712476527 0.326503686832 0.814241232392 -0.0320143411187 
-0.355631771388 0.673446373418 0.646900190945 -0.0389380053972 -0.0694928187265 0.624890843811 -0.278826270866 
0.986865185705 0.049039965443 -0.148586032606 -0.0401793223846 0.549614706418 0.59202214591 0.259231000038 
0.84905099908 -0.487219612369 0.178295732199 0.0996999607028 0.138625523286 0.816872756184 0.245385268531 
0.320871138832 0.718175342528 0.600742752083 0.142737645593 0.372651005775 0.539730919957 0.176746859503 
0.219579864806 -0.39278161988 -0.204318717906 0.869345238424 -0.0375123147281 0.465511004255 -0.171976193389 
0.601264364328 -0.401023371407 -0.441777819158 -0.531501437698 0.399425877411 0.179686040505 0.19692026053 
0.531760200439 -0.699045904608 -0.375292435709 0.296178156147 0.102416545454 0.480519364016 -0.291285189731 
0.856166131833 0.469818746607 0.0717278487733 0.202743719382 -0.215275601914 0.481778796038 0.616453291502 
0.696052413539 -0.308027017384 -0.393141208971 0.515820108155 0.151563177306 -0.0503756377029 0.17181455351 
-0.492233610911 0.833884858561 -0.171717175341 -0.181260383552 -0.0969376822836 0.409023611767 -0.469345332993 
0.879798442051 -0.418913065793 -0.178753789931 0.136064790658 0.258984922186 0.89176641796 0.0282620979751 
0.846406541708 -0.411614506993 0.257553959568 0.218713103627 0.0193013179675 0.263809339438 -0.387357878303 
0.750953358114 0.185349377138 0.204581561244 0.599884194767 -0.271253656778 0.667994716664 0.640044214951 
0.0367690354648 0.604095234181 0.64886945699 0.461178288579 0.354817322806 0.318313063041 0.454896245198 
0.750930421542 -0.0767418741361 -0.634805011787 -0.165035704521 0.0445843063841 0.715560692838 0.119697264752 
0.118635783212 0.25046119976 0.861958529174 -0.424525891249 -0.0433999207721 0.666562237772 -0.29861087661 
0.00387575738883 0.398097345803 0.476717982461 0.783736848035 0.36671257545 0.568270899824 0.501812072985 
-0.426790279795 0.546845450922 0.71858035566 0.0495215340903 0.0742505898444 0.762064703478 -0.18758264074 
0.734766603775 -0.0581557022836 -0.284937912785 0.612818356551 -0.402963560642 0.630008956236 -0.266213032527 
-0.169964027732 0.797300338127 0.499363668698 -0.293360403744 -0.250165026613 0.188456442713 0.265632892191 
0.487310414267 0.855022083651 -0.164848452138 0.0655040795914 0.29529859473 0.210619108885 0.150654926478 
-0.219284679444 0.311820490816 0.899905596847 0.211783209042 -0.17325135749 0.864167654181 0.419495671915 
0.679799094429 0.29847433558 -0.0021364987124 0.6699117088 -0.401089374374 0.428317221416 -0.216602315654 
0.915672255399 0.388533814003 -0.102881834353 0.0010602968936 0.162778771926 0.861252263061 0.377312563324 
-0.212070143312 0.847007895171 0.29156989711 0.390628819896 0.231777230605 0.427635163859 0.0609136414864 
-0.229288176723 0.495015838141 0.782258709275 -0.300761639454 0.261887528058 0.794551763414 0.19150514897 
-0.0382766333785 0.644903906929 0.756930499351 0.0984381497059 0.482295604137 0.486726793991 0.538025398899 
0.925173693968 -0.0636451195711 0.100707793733 0.360362144274 0.107363971119 0.942627564729 0.05138399665 
-0.110602774244 0.0375542680103 0.984881209976 -0.127928517226 -0.0179001845371 0.670981850009 -0.338880291857 
0.879426311248 -0.112303132864 -0.45333262341 -0.0921243832315 0.261641357819 0.909926964289 0.282839270895 
-0.251937096051 0.362894252332 0.813236235857 -0.378790556835 -0.0200623669173 0.149139257317 -0.417398631693 
0.856754388876 -0.1819111095 -0.36931767603 0.310619895619 -0.445338496265 0.699895841888 0.0769105479123 
-0.0212500147929 0.857733196353 0.305536180853 0.412904157081 0.191054940349 0.374941761778 0.553206582674 
0.665256782893 -0.426308321895 -0.595602237037 0.14475013898 -0.375578290137 0.696445863542 0.0201885814064 
-0.11680226736 0.699038568223 0.337562940655 0.6194784674 -0.177083828811 0.305400221769 0.730224069323 
0.682540600141 0.578477406866 -0.446488663637 0.0122512101003 0.0898577774639 0.126935144453 0.512402605907 
0.303077546615 0.843621692066 0.430422262765 0.105750258295 0.571058113782 0.0667627590559 0.0618423980121 
0.730775053388 0.14759880703 -0.0274034651822 0.665906497644 -0.499648813306 0.292566207846 0.279116117253 
-0.122917951761 0.209815007574 0.690049557155 -0.681689407576 -0.440994107836 0.676441894413 0.0982743709558 
0.414618607488 -0.219289774191 -0.0385678034485 0.882335497301 -0.285488339844 0.0207419786532 4.72735023815e-06 
-0.210633537665 0.856105310996 -0.0580566189852 -0.468344572177 0.281875131258 0.106304070069 0.165696773694 
0.415659130733 0.282420745144 0.235708379652 0.831809815711 -0.322490223487 0.564771643732 0.659247238524 
0.722988285122 -0.170831145933 -0.666300676456 0.0644054944083 0.170634088583 0.700057468878 0.10290676043 
-0.07063073059 0.962020774587 -0.0475182222907 -0.259363350747 -0.134056354843 0.319996520859 -0.34640898461 
0.598973414355 -0.0662357338049 -0.77466875938 -0.191655914869 0.178952547901 0.942349532821 0.237436157848 
0.775276688979 -0.517160452003 -0.284681421183 0.224605455951 0.209637581877 0.597124759649 -0.21240500552 
-0.0415543604442 0.248026438432 0.709191225451 -0.658637932943 0.125972000666 0.189041510738 -0.354571919946 
0.640601613141 -0.587925207761 -0.445245158681 -0.213846374746 0.174240578406 0.329873947618 0.434193505955 
0.877555639256 -0.238734504931 0.305850718705 0.281704231479 0.33314628265 0.799031654672 -0.0250175174315 
0.296759873284 0.840482805637 0.410350067899 -0.192704573929 0.274414423105 0.728156066607 0.297047851752 
0.375008534597 -0.489923925561 -0.537622766464 0.574721590965 0.060807069653 0.238933917696 -0.410821268165 
0.716852054277 0.258101884954 -0.412266771172 0.499542449297 -0.635378803862 0.549756233678 0.193289545581 
0.745804885976 -0.535516539759 0.356663146465 0.172593475114 -0.0415304612696 0.0926495283153 -0.243464194554 
0.349346455102 0.933986555314 0.00544997839496 -0.0748095350556 0.321069503322 0.479057763269 0.325758422233 
0.413554404456 -0.238407458004 -0.54640544561 0.68816838603 -0.161629648571 0.491664219761 -0.272675784711 
0.621764925217 -0.0587163554067 -0.251825938044 0.73928645619 -0.314777164889 0.0105607225476 -0.286726200275 
0.620097285563 -0.00888924425922 0.751478454325 0.22512323394 -0.478411690118 0.75065084872 0.144348076038 
0.647319463287 0.647629241917 -0.290063427262 0.278239259683 -0.168765448353 0.775142234347 0.334648539791 
0.789386585072 0.495661187036 0.351666323723 0.0867156487156 -0.0521924441213 0.661337170967 0.129819959494 
0.398890123681 0.495720558479 0.760874127643 -0.127351321209 0.17880910694 0.760303613367 -0.272232491728 
-0.329544788181 0.846905448017 0.404378000012 0.103101056288 0.173663622733 0.760213692123 -0.0277147606544 
0.482045130049 0.658976318848 -0.411397395695 0.405135639766 -0.363959976352 0.629870419656 0.521231573198 
0.191756838638 0.485551934411 -0.595314580616 0.610793896442 -0.502118632799 0.20316234865 0.0491232944136 
-0.0994608716712 -0.495252327692 -0.393724420295 0.767993325352 0.069329588073 0.416645487626 -0.253494547067 
0.938416502637 -0.203605649513 0.0195069741921 0.278457689824 0.133860239438 0.921596182196 0.223010492204 
0.574514284613 -0.293051043385 -0.644432346197 -0.410805761792 -0.0155771252051 0.753405028632 0.309416841813 
0.342378432791 0.828727270147 0.0194442897666 -0.442278238294 0.47910679494 0.016411411558 -0.173903487021 
0.0722074167247 -0.330369888775 -0.394693586729 0.854317738406 -0.464877015268 0.0782728797796 0.164175163064 
-0.379402300985 0.601247269178 0.668259633989 0.219054050166 0.0529158163739 0.566713161901 -0.198462884698 
0.657041551547 -0.263726086245 -0.645018537812 -0.287569186203 0.326411193218 0.841970288127 0.267824545198 
0.602434133327 -0.704293504927 -0.356593699091 -0.117833389534 -0.0276245827762 0.769730274891 -0.0315023090725 
0.731401645292 -0.453683406969 -0.456835402946 -0.224776364683 0.193455226356 0.84485663886 0.262411304921 
-0.376177729115 0.0817295662232 0.91183340515 -0.142725034159 -0.301691338802 0.692931014265 -0.0212711709364 
0.520748933393 0.559710979787 0.177287281003 -0.619768817762 0.283433617257 0.207687931653 -0.0529943679046 
0.687063826051 -0.544443100315 -0.443324586193 0.187051652569 0.287390087801 0.454428942634 0.150517103326 
0.109996616571 0.0492970255464 0.985362974785 0.120541924403 -0.234729395286 0.740128227471 0.289903245204 
-0.00602405342666 0.562233731413 0.81733011435 -0.125811073515 0.069398828734 0.806078952688 -0.138521951229 
-0.11226065296 -0.232667278771 -0.18956375947 0.947274545358 -0.333664068334 0.325000236098 0.203378629734 
0.678642001481 -0.64677353651 -0.31122839083 0.155775206746 0.286903888424 0.735905016463 0.329941400018 
-0.116777858033 0.0816223303384 0.352927623499 0.924739325234 -0.0459300597699 0.644444634229 0.437503174598 
0.429597968862 0.243076999157 0.418390417652 0.762435975048 -0.163294384688 0.43477553837 0.526748858851 
0.0878963000632 0.0374189108257 0.889034305379 0.447763407848 -0.144033028897 0.789463959496 0.135553546212 
0.793733113496 -0.285612423486 0.10651900147 0.52637153268 -0.25761643678 0.505757543278 0.340595525746 
-0.0546028203714 -0.0268535035317 0.997000604536 0.0478248461592 -0.0999137411363 0.963614420674 0.154007032561 
-0.154579369247 0.28004368141 0.88293468707 0.343667125971 -0.0842102890269 0.885473788802 0.147373097859 
0.522259536774 -0.390844760119 -0.70330243961 0.282579242292 -0.0758194732707 0.390816379751 -0.482837816555 
0.892568400577 0.179698041664 -0.302618622339 -0.28187272576 0.471136749473 0.383407735972 0.324904266441 
-0.485149792862 -0.486723969498 0.705508057936 0.173169963298 0.0266024422157 0.0723636569301 0.746034051983 
0.059738425785 -0.590523087053 -0.102967102821 0.798192695957 0.386394772189 0.177014722827 -0.224587703242 
0.809994071455 0.160771842525 0.202518981622 0.526353570276 0.051879711383 0.935852945124 0.150231808797 
0.653126284775 -0.153224631424 0.372839707206 0.641045100746 -0.372547432662 0.515937936194 -0.294234402086 
-0.436904075698 0.796882842784 -0.235216547208 -0.344624055218 0.261193688689 0.212729311015 -0.184376233264 
0.300829913808 0.606361668325 -0.599449455354 0.42718525328 -0.439057512692 0.632582429715 0.349752940084 
0.323836833081 0.736676960885 -0.0287631947883 0.592966642795 0.0557520303059 0.125242169471 0.794974496079 
0.878574364747 0.299211568685 -0.361620963331 0.088373082185 0.0752177482154 0.835539716128 0.503789713336 
0.752418866636 -0.0494989665052 0.161596799529 0.636633470552 -0.4463530692 0.228821949931 0.090046495332 
0.588558273669 0.160174137323 -0.412482718232 0.676610235947 -0.493582176243 0.484802494535 0.128903288003 
0.620732807273 -0.292436892928 -0.606054811513 0.40232948074 -0.229364367539 0.398839361243 -0.280814432802 
-0.325782300849 0.756282414135 0.567140048298 0.0159677218551 0.120730929922 0.515812082504 -0.376855485192 
0.622801955937 -0.436705474721 -0.382851838714 0.524242807888 -0.267697686468 0.666237313373 -0.225406268373 
0.800776726243 0.209110356636 -0.413023051625 0.380054538562 0.164287524873 0.329406430118 0.446151028453 
0.509509854234 0.44531694257 0.599337020498 -0.427653674086 -0.0519859991163 0.59057943224 -0.358924018854 
0.589887836693 0.640626330127 0.306144874165 0.384584920782 0.305870235408 0.642798695546 0.106655371839 
0.156121795236 -0.338394602696 0.926660684587 -0.0491431944281 -0.120618807713 0.207034427013 -0.39823247258 
0.48670638684 0.420173637015 0.695473534526 0.320760924274 0.166734132292 0.759679026398 0.432591105107 
0.415686826973 0.149868956281 0.51578208538 0.733970434163 -0.127452533913 -0.0712811735924 0.0119284549048 
0.750191011511 -0.019940946298 -0.000587756791433 0.660920161178 -0.352915392349 0.757572461549 0.443076705552 
0.419132811083 0.7220516163 0.549701539965 -0.0282376881307 0.316805117345 0.247993906897 -0.254750597983 
0.475923605712 0.362868472127 0.787430740073 0.147567012066 0.30294321931 0.472632484385 0.328810233096 
0.641138749897 -0.720129187568 -0.24435798092 0.103170895869 0.159540708379 0.617679352348 0.149907880139 
0.577194176402 -0.800506352214 0.161093160062 -0.00924427253287 0.422369146932 0.367442763475 0.12725681537 
-0.169075177077 0.511266940689 0.782801432701 0.311835881219 0.121611722639 0.686317005063 -0.177101845234 
-0.44636400999 0.89168894148 -0.0157708868094 0.0734934103025 0.139379044516 0.648143121945 -0.0976517216054 
0.93277579176 0.255123251984 0.164083853815 0.194725287318 -0.195866620801 0.657095642626 0.52758375696 
0.522018932852 0.537940940263 0.657097992016 0.0796116035586 0.0397954444801 0.675835027885 -0.228343937558 
0.0615501333011 0.259681531134 0.912113175292 0.311169791172 0.0245272578732 0.838593209199 0.447218413383 
0.878463711356 -0.387749308094 -0.195054664103 -0.199764010561 0.0952894519135 0.893299627741 0.202215615041 
0.7843506635 0.493422454961 0.312364899669 0.209180513102 0.11185918533 0.634796387784 0.685624475597 
0.129630340052 0.432233640029 0.781982487497 0.429969120534 -0.131863176838 0.62739418653 0.361582679186 
0.531185632289 -0.280948205149 -0.679604803928 0.420769818965 -0.342071217785 0.569812208724 -0.251550832594 
-0.024549600167 -0.382333785421 -0.0968303934643 0.918608767952 -0.206809488384 0.480248600296 -0.0735822977082 
-0.321550368429 -0.32077138254 0.881017140362 -0.132362680143 -0.361418542216 0.611576446481 0.18599781534 
0.503082130508 -0.469257557492 -0.679396701605 0.255197642128 0.300740831543 0.703616472587 0.127694934669 
0.411591988511 -0.226712339098 0.781087683672 0.411212330446 -0.578981361378 0.331770595725 -0.055985507211 
0.571556980638 -0.807973623677 -0.134282639564 -0.0496931990979 0.330998758376 0.677412522493 -0.187937189905 
0.918189180311 -0.291177848326 -0.266291556881 0.0351126264897 -0.163230952646 0.900552959244 0.0476153755634 
0.203926942859 0.738265979218 0.457638839058 -0.451601415953 0.0536710454225 0.513003966976 0.139335345143 
0.0020254314908 0.672163145969 0.565320603858 -0.478126779927 -0.0477511713838 0.260795396242 -0.189687091169 
0.627006731701 0.423821211993 0.561865246774 0.333984405523 0.00392424583095 0.9095501025 0.344647413175 
0.59424919338 -0.083568148884 -0.021855871376 -0.799629027453 -0.0220579128974 -0.177095986711 -0.192987664807 
0.783482343647 -0.116947909253 0.456680332461 0.404872421458 -0.396884620903 0.632939898209 -0.249898948736 
0.410502812066 0.659891650061 0.587468323468 -0.225635592023 0.213926940895 0.513450283263 -0.0352509631492 
0.656622742766 0.353688271867 -0.110294321912 0.65695231378 -0.277995692309 0.595588747686 -0.174201520533 
0.698732449794 0.517224127991 0.478096776297 0.125202386253 -0.409518413164 0.570816215899 0.226219568374 
-0.239782300543 0.823965282458 0.499565367116 -0.118406526969 -0.153390287507 0.32032897549 -0.143735781034 
-0.205082386707 0.402568778133 0.855277259142 -0.253732937417 -0.029264370091 0.767928906966 -0.123112950189 
0.745664715619 0.41268691262 -0.476246346422 0.216478778527 -0.0915436144179 0.749995952538 0.538469120496 
0.53747495158 0.12299792382 -0.798690620155 -0.241009295331 -0.415764516167 0.45701854914 0.623979571831 
-0.049000184875 -0.0294559352319 0.9127852817 -0.404418544671 -0.072448511557 0.763715659229 0.421906839314 
0.432475878485 0.665451462091 0.457969622367 0.40050317242 0.465376375333 0.650728290308 0.355262233377 
0.116250655241 0.784680202888 0.605862052534 -0.0607777726679 0.0329371566924 0.0900781674164 -0.3245379566 
-0.0771593335274 0.88560580239 0.288212363185 0.355924758524 0.532418283181 0.151531408599 0.431994651599 
0.664485691821 -0.140671687142 -0.263347107329 -0.68506827606 0.284646223487 0.27567840234 0.665165869147 
0.96530300334 0.119045611468 -0.131126978529 0.191895725941 0.380971666659 0.732805798751 0.459188128382 
0.978830290658 0.182134813793 -0.0843628481581 0.0400135170361 0.0798968344812 0.962365482457 0.232406644792 
-0.153407145173 0.735028763127 -0.105009149308 -0.6520521787 0.163652173741 0.268424632262 -0.352139508656 
-0.0136021368327 0.961388385544 0.0640691440414 -0.267287296363 0.349219277714 0.445198449834 0.104836598352 
0.581992689469 -0.796279371018 -0.163851888149 -0.0193966864703 0.0364773529061 0.542621593703 0.283419553035 
0.350767186555 0.862646208506 0.327976269001 -0.158856749178 0.341339379944 0.725974991085 0.348966545341 
0.240194629725 0.825350283952 0.506638505632 0.0664896476261 0.0548874177904 0.543957275345 0.472950603621 
0.43115761985 0.088772346241 0.324145306772 0.837348432545 -0.166563637694 0.784199537303 0.0974744456426 
0.329114926183 -0.19563358535 -0.62744436535 0.678029817956 0.150581106605 0.685553741816 0.0279222916326 
0.611723676674 0.13068584881 -0.571637567966 -0.530985727875 0.26223322893 0.104513189194 0.752192520019 
0.417738498678 -0.374854701778 -0.0116629602476 0.827552097837 -0.594855309117 0.463485722343 0.174444788486 
0.559137608268 -0.035771380248 -0.662804900125 0.496764740844 0.127775431399 0.855061316798 0.198219086217 
0.744800751007 0.523157215131 -0.0367651946339 0.412585373007 0.0822643281572 0.857003451031 0.341073561703 
0.735131204392 -0.502933557113 -0.417172758253 0.180573639358 -0.0346978369288 0.763122058106 -0.109916319132 
0.212039856302 0.268705541857 -0.0236026502492 0.939297261795 0.343920432907 0.0746004149803 0.504842043111 
0.014789397387 0.311527056703 0.918233235723 0.244089924988 0.183858828501 0.612569195703 0.592318317949 
0.762358958397 -0.559813839531 0.173862294281 -0.27420646646 0.409693361083 0.353607758066 -0.183960152734 
0.668582117168 -0.115240266814 0.618673924901 0.396182039163 -0.185762969341 0.927220001611 0.205238418797 
-0.247355957962 0.399519913 0.88054966412 0.0618963504286 -0.0718989543693 0.59242820928 -0.175474849791 
0.849285558712 -0.177157024308 -0.419332066444 0.267376226604 -0.252290643519 0.803921913733 -0.114861204091 
0.792412652672 0.0706319998393 0.442324909115 0.414055531615 0.0430917733027 0.877733992726 0.426535644394 
-0.0452931205983 0.770167990839 0.50187626278 0.391037103062 0.011192565961 0.755864593007 0.355065157339 
0.444854478766 -0.540406424563 0.671447572647 0.243358883541 -0.522898431851 0.159836870034 -0.229114652977 
-0.494010117485 0.0900896253496 -0.0800791272029 0.861060506941 0.0707335204868 -0.11962267668 0.584684539107 
0.756940587601 -0.579615503839 -0.236980334948 -0.186888029043 0.442513428929 0.178475803275 -0.156805512309 
0.26024257769 0.381043738551 -0.158220664189 0.872952284774 -0.330975259545 0.45523533927 -0.213775504365 
0.622149499661 -0.458336858679 0.00828922447674 0.634656295017 -0.053124305385 0.839483449633 -0.15382366777 
0.591406360791 -0.190465617595 0.526715027961 0.580114337222 -0.370957700901 0.606654875666 0.430816274623 
0.00949589161907 0.514180080302 0.414003119523 0.751085940547 0.203759705472 -0.0374416215711 0.205142670733 
0.467141482449 -0.195700942175 0.508824985907 0.696115730553 -0.319330068233 0.573668506813 -0.0166511932217 
0.176487410423 -0.271979618039 -0.491512853858 0.80826629017 0.213897822909 0.501940870586 -0.346578968364 
-0.0707386972821 0.723836669321 0.67102855248 -0.144142965869 0.392892744757 0.565760303345 0.28878842733 
0.455906232964 -0.088160683141 0.85392195435 0.234935090125 -0.321632322762 0.625117710192 0.1777779671 
0.664738455568 0.263766926147 -0.368043010994 0.594217246821 -0.290236292078 0.519059710097 0.424613960659 
0.824144886221 -0.541524359817 -0.164111630027 0.0245753358179 0.227907283692 0.7096734557 0.367610936233 
0.658078560556 -0.0826058110844 0.725409661656 -0.18409158288 -0.0279267132763 0.202021072376 -0.435077269849 
0.745273466183 -0.290474278425 0.0821308607451 -0.594513814718 0.409246183298 0.0530423755329 0.526804740741 
0.859867250978 0.482790725658 -0.141561422537 -0.0866128718062 0.202995802729 0.508224240107 0.479680949435 
0.93394490586 0.0280760708324 -0.33211900546 0.129056628184 -0.282277616312 0.635297872903 0.230972364712 
0.602254421164 0.620209604977 0.497871037202 -0.0689498977331 0.277036831564 0.659243496598 0.403428517384 
0.930259587886 0.191033188089 0.299092268703 0.0930979859989 0.291106045137 0.759226589662 0.0048466985613 
0.475152835285 0.315803447639 0.0232832692394 0.820948143888 -0.570453573733 0.531331765127 0.177329928453 
0.758697988998 -0.0794161634884 -0.449263131119 -0.465008681086 0.212079708806 0.621498444189 0.632266726065 
0.934149889129 -0.248994183195 0.234771028192 0.101234607216 -0.121918161931 0.28049882592 -0.395686809287 
-0.345464141834 0.911259390182 0.147883443322 -0.168497292863 0.222310423481 0.283776178758 0.220789212596 
0.324117276186 0.0921410911402 0.310645249058 0.888795555704 -0.40151543463 0.265149816528 -0.191619603164 
-0.0123747141931 0.907254785623 0.28296464398 -0.310912577214 0.0875065149392 -0.13222416376 -0.0426198168814 
-0.116002342256 0.891215189347 -0.107399210182 -0.425140391543 -0.269245107961 0.447184238421 -0.266365483759 
-0.276314870232 0.272552587972 0.860823434292 0.329162868885 0.391663836585 0.604610131196 0.594955023428 
0.845660517496 -0.450323117611 -0.234098949499 0.165121351547 -0.317218486072 0.791837106595 0.0899812024112 
-0.0898511962769 0.121529727981 0.762001865925 0.629690752728 -0.247173692727 0.567006888536 0.407459743461 
0.094051773055 0.840229264868 0.429149431769 0.317804675322 0.303495147681 0.696017174412 0.316562114091 
0.390329398306 -0.0133760314825 -0.585430475185 0.71044718405 -0.451333979456 0.339198068578 0.368029343728 
0.575728331963 0.243738977324 0.762559921351 0.166224441819 -0.315130245143 0.561904509031 0.172435675643 
0.634639048899 0.252574573983 0.681054809995 0.263825146587 -0.229406715337 0.671327983688 0.209101756914 
0.0948493558212 0.686278480765 0.715359337319 0.0910300227907 0.203750581987 0.725590628652 0.428468964152 
0.114086464139 0.774156362628 0.187424322474 0.593749381683 -0.139962491936 0.317212713217 0.444882400684 
0.593007244268 -0.449684638962 -0.603021350066 0.287213135305 0.101631938395 0.268031111075 -0.391187574752 
-0.321920205416 0.0697795914255 0.889537511821 -0.316577328672 0.28465028455 0.797310052289 0.161672068463 
-0.0390786450507 0.316317560767 0.542202971357 0.777452248117 0.187323664241 0.540137768845 0.236826887837 
-0.284488795185 0.714355536932 -0.0381439338315 -0.638206340128 -0.19742039964 0.0616930378312 -0.157318594624 
-0.474701495608 0.104469251354 0.837719908043 0.248937785918 0.24910817014 0.697251669514 0.380184037694 
-0.199552147123 0.593540822041 0.696984027558 0.349430248375 0.574534453427 0.589594565705 0.280153832375 
-0.157973384114 0.721387476922 0.258276519453 -0.622846495977 0.142862212152 0.537537577527 -0.0918583833378 
0.850996398956 -0.354497601673 -0.294357280004 -0.251972957041 0.53878535064 0.643902255289 -0.0267612203524 
0.810437680807 -0.458355120529 -0.318071680969 0.178694585197 0.100004273855 0.847861705073 -0.0487522535597 
0.284385606008 -0.057299462039 0.413041603694 0.863271818353 -0.0635119206341 0.690018710636 0.403776770631 
0.626073712128 0.113741692657 0.397768517981 0.660965006968 -0.168380615913 0.731357536476 0.10586858127 
0.947078557432 0.214034393676 0.238587719993 -0.0175323770539 0.125350966038 0.730254860792 0.298705611757 
-0.435952850848 0.682986193139 -0.373298560284 0.451799907823 0.0955936744761 -0.117104438789 0.163001272796 
0.708411902115 -0.0574594620922 -0.120361600051 0.693083019841 -0.569866656272 0.428655175793 0.422689774154 
0.577795578832 -0.139035579181 -0.760669236548 0.261158360718 -0.119947412747 0.910716879193 0.0774595322853 
0.408135653387 0.248649005492 0.832525520339 0.280178904427 -0.230409527519 0.800715219335 0.32640090502 
0.512638731336 0.518114453484 0.6673232696 0.153096695183 -0.129148743822 0.636532771314 0.606163490195 
0.58954696004 -0.0191494548041 -0.0957650108309 0.801808420378 -0.47469805294 0.429418363227 0.541224288671 
-0.470441141216 0.848698326647 0.237272117402 -0.0458063893042 0.117979682689 0.0586844685348 0.362371164953 
0.421970494405 0.268850549899 -0.0217867231072 0.865555094934 -0.378017682768 0.319740192982 0.495778249227 
-0.300955363263 0.941544559833 0.000333888457169 0.151392204854 0.332775928737 0.0673717996171 -0.260280517251 
0.0201099572578 0.27921365591 0.928988779314 0.242105703943 -0.156727167708 0.899085849345 0.121063035567 
0.751834446422 0.657561041484 0.0436857762141 -0.0212130820961 0.275855605201 0.469536801424 0.459183847736 
0.296289346137 0.906089568113 -0.00716660856389 -0.301932041433 0.0354816256065 0.294200814203 -0.14527481576 
0.572976401754 -0.812613633875 -0.0583582063061 0.0891708743395 0.228863220933 0.316766875108 -0.347255103141 
-0.0490023281912 -0.448429707829 -0.626022999467 0.636085507701 0.0331409169306 0.271144347603 -0.431665895166 
0.423980737788 0.589071360102 0.639139968608 -0.254431458787 0.232801521918 0.58565256008 -0.128840669565 
0.395927749843 -0.418543348023 0.0834868745965 0.813076026273 -0.49045745915 0.546225822413 -0.161085025041 
0.451577386033 -0.242394263578 0.243144647384 0.823531156579 -0.38566822153 0.678654148643 0.335771913262 
-0.392780302451 0.793261988387 0.444500681248 -0.137397948156 0.278193470852 0.309620417509 0.360980761972 
0.690025481354 -0.281095343442 0.439585108794 0.501612574707 -0.297554034927 0.644621036955 0.139516153334 
0.733751083885 -0.651805418713 -0.117121080283 -0.151794912915 -0.0149314703972 0.683470227113 0.287318283317 
0.958404857277 0.104828903971 0.0106749591001 0.265249082351 -0.175248640022 0.703610155032 -0.144333838708 
-0.133888758738 0.304248694725 0.808231961775 -0.48607368578 0.339441168663 0.727452208472 0.118465785034 
-0.311852999321 -0.0742593939449 0.785765446374 -0.528966834981 0.032626832656 0.738463030088 0.375472382932 
0.505925254374 0.406900759327 0.74061550274 0.173089821039 0.0112511304535 0.618564641452 -0.203289275593 
0.593879928428 0.145111289603 -0.54854348548 -0.570394064466 0.0997497512308 0.255741727576 0.821873554175 
0.311504141744 0.648425359665 0.68787606654 -0.0966242190217 0.210526555199 0.509338430239 0.420918509945 
0.393877850734 0.579094520836 0.655735628436 0.281993901066 0.482945343978 0.468796808624 0.602291287389 
0.508423711137 -0.487674253735 -0.695129061379 -0.14308997248 0.255103545215 0.390387464349 -0.0943148891166 
0.639392570886 -0.140998054104 -0.601815694903 0.457290452998 0.0519716082302 0.818014336381 0.461422674564 
0.896082556129 -0.354874274708 -0.22697888375 0.13993172651 -0.162812757808 0.810740342375 -0.229515776141 
0.105718328588 0.921955645883 -0.225278544206 0.296767585064 0.229996617592 -0.0316575766016 0.411707353972 
-0.129945403323 0.77715390428 -0.0396346904556 -0.614471392768 0.00800278053946 0.485178691938 -0.208399504528 
0.439538209476 0.200634398687 0.847431709343 0.220026131345 -0.243892884178 0.91730439692 0.0975135343206 
-0.38127084554 0.235233590448 0.89297617832 -0.0434884492696 0.22765161744 0.823318465472 -0.0875338120356 
0.646169797162 -0.593821604761 -0.0481860544761 0.476989097473 0.271432735812 0.72438024495 -0.220495138075 
0.618111569197 0.440799848596 0.220406634203 0.612416930777 -0.0229316330758 0.723329315333 0.329906826772 
0.715096548198 0.508659981499 -0.2403399936 -0.414895935691 0.316656023178 0.0433083135246 0.37253188386 
0.514611257518 -0.838839693261 -0.0606636401059 0.166862654346 0.111672231843 0.319913688696 -0.197824969466 
0.164622166111 0.61108832155 0.425359847911 0.64694636986 0.206866890334 0.128694817032 0.781915263322 
0.112112413333 -0.176709502969 -0.589176603845 0.780432884891 0.0512443029879 0.685066825631 -0.104656459635 
-0.0880763105574 -0.482421130158 -0.220896950812 0.843040303792 -0.104757329627 0.274118685388 -0.165816004137 
0.849071879711 -0.518802061137 0.0973131063526 -0.021249088816 0.420585213685 0.260515320325 0.0542748749754 
-0.363175192709 0.235144729316 0.612900602162 0.661183474949 0.0097030983048 0.779021764188 0.386528540516 
0.480409319659 0.378406017457 0.384395095618 0.691560685697 -0.236797815705 0.299726013279 0.578642180745 
0.68417524587 -0.505316295599 -0.0221361570707 0.525423319706 0.238830068627 0.495346770505 0.145360206838 
0.695963039225 0.379357590237 -0.597817974083 -0.119736947625 0.495358864262 0.442548418288 0.378568323672 
0.859817911285 0.20995873669 0.0501265399908 0.46272866597 -0.15800683587 0.821329371422 0.407654200929 
-0.2865934566 0.21795489312 0.113008496186 0.926060978008 -0.12643336883 -0.116884321439 0.0590109104715 
0.523733093562 0.113545226973 -0.841344724409 -0.0703575358389 -0.209716564712 0.660636620087 0.35338826333 
0.520256415276 -0.0734161214032 0.727859965378 0.440639542349 -0.117567751005 0.909871024555 0.137161327385 
0.604420520093 0.432990234999 -0.413282059658 0.52573113894 -0.288619518158 0.804941402195 0.186587295374 
0.715822411912 0.431855276008 0.544419592187 -0.0686046852028 0.182176522507 0.768638793397 -0.0880007057905 
0.66919215102 0.45845472633 -0.535961706024 0.233979013151 -0.0205929797617 0.873481576502 0.257683655011 
0.576074556906 -0.178019983101 -0.62910135129 0.490589930907 -0.250413910122 0.83486719733 -0.0849897751265 
0.529997836505 0.505927954284 0.667177270211 -0.134215082936 0.548164362001 0.580875820106 0.386920475562 
-0.452620113797 0.645962276785 0.614706632203 0.00187773320817 0.138439475524 0.788970006589 -0.098087120222 
-0.477459308657 0.583932379187 0.486355672212 -0.441037124539 0.0741815306123 0.889597082553 0.0267971799148 
-0.130890474125 0.977763062238 -0.10985517887 -0.121568571523 0.266111206893 0.330878065909 0.335625089572 
0.0768895999139 -0.281313704041 -0.0138115128021 0.956430777139 -0.029476534789 -0.157011733323 -0.127080689856 
-0.109025655794 0.115114369281 0.844552401653 0.511461952862 0.0986507436185 0.840275192758 0.157852932826 
0.615224473976 -0.689973997718 0.303355526735 -0.231106368352 0.159681452349 0.0816000181013 0.316052759216 
